START
file number 1: ~/work/samples/postMoriond/Aug2013/TToBTauNu.root
I am in tree = 0
inDirect
treeName: TToBTauNu_2J_1T_noSyst
TToBTauNu_2J_1T_noSyst	0x1dd9a90
0x1dd9a90 tree afterward
tree name: TToBTauNu_2J_1T_noSyst
2.14219
40.824
68.5017
67.9618
89.9802
8.89137
62.834
58.374
66.6601
48.0932
22.3818
11.6536
70.0668
6.91575
52.2026
14.973
59.3803
56.4827
49.6289
7.28621
63.5807
45.9701
27.0643
22.5509
15.3626
60.1021
39.9046
27.1354
33.6811
25.4834
11.1561
56.5807
66.0836
50.0491
56.6654
28.5797
56.0038
24.3095
31.3655
56.5747
42.4097
42.4066
6.64247
44.2058
6.12468
27.2639
88.2602
25.6595
52.9157
19.9359
60.9459
48.6404
44.2096
22.8964
40.8411
68.7352
53.6737
22.4294
7.34068
30.9542
41.7483
3.97278
29.5563
15.3578
21.9207
45.8327
60.2425
33.9217
15.108
46.9087
83.8772
68.3393
34.9937
3.6302
25.6323
70.6572
23.419
55.8859
11.1472
46.7626
63.346
60.7557
69.58
47.1973
61.2043
50.3306
35.0097
48.6314
36.3705
44.9436
81.7009
59.923
33.1392
73.9648
8.62687
29.3009
78.0092
2.09364
39.1637
22.4232
41.7093
14.9712
64.83
30.3131
41.5617
31.7895
40.3588
1.14794
49.8655
49.4211
7.40453
30.1634
38.3294
13.9734
55.4642
66.7969
41.4001
12.6244
62.1445
27.118
86.2014
34.5105
25.1467
45.1789
25.22
43.6877
24.7572
26.6713
32.7756
11.0787
37.4845
29.3747
76.8923
11.1536
42.3747
20.8671
39.9841
20.5708
56.6106
51.6254
33.6215
18.6269
20.89
23.6419
32.9953
33.311
33.3625
18.519
87.156
33.5063
30.2286
66.4672
66.7698
24.6185
25.0292
27.1878
19.5707
41.8376
10.069
79.5007
69.9839
15.3116
24.7279
100.278
33.1702
12.5844
40.2483
34.8625
66.8198
13.4223
58.1026
50.9349
25.4982
15.0054
25.0667
18.4554
11.9261
29.9034
48.7754
24.3471
10.214
13.6805
51.6262
37.7505
82.049
25.2007
23.7883
9.53267
29.6075
19.3191
26.3035
0.0752252
21.4634
6.81992
23.6176
47.3919
46.8553
35.761
87.3062
23.1174
23.3606
19.595
2.02808
64.453
35.2861
22.9563
1.48732
83.2513
30.2081
14.5397
69.4011
50.9725
18.3453
22.0753
55.0189
12.8439
68.596
28.3509
50.1646
28.5245
49.6557
63.6648
75.6074
44.8891
45.8465
59.6879
12.9949
54.9774
14.6382
43.7991
95.724
39.4804
20.9277
53.0918
62.5014
46.0921
54.4668
1.23718
55.8047
32.9115
46.3714
63.5892
14.0091
9.19777
21.1232
38.0168
88.0544
36.6027
37.1737
42.2053
53.6013
45.3824
23.0175
21.3098
22.3469
98.3297
68.5567
14.3643
80.1636
17.7859
47.636
46.9164
50.1117
66.5451
7.35434
64.7544
87.4859
15.3811
26.6062
63.8563
69.7001
22.4339
6.41954
29.9685
37.8406
53.6957
27.6373
84.486
199.882
MET does not have solution even after MET smearing.
The solution is returned as if Delta was zero ...
67.657
5.03505
12.2828
51.2756
39.4445
59.2899
17.809
37.5646
84.9804
37.7794
57.723
31.0542
25.1576
1.55386
51.1437
7.9395
40.4042
82.037
45.7175
87.624
20.6396
60.5004
39.8864
50.8132
39.1116
26.5729
55.6345
78.0959
35.1395
65.0025
15.4783
92.6341
20.0299
22.3731
12.6047
35.8994
52.5908
2.11315
44.8797
12.521
27.3593
77.6598
20.5681
50.4107
26.6897
17.2778
44.8864
114.003
30.6401
12.3438
78.1223
66.0235
44.4611
56.1044
87.0062
32.7066
35.4291
14.3298
23.0375
36.545
16.9042
7.65351
41.2386
17.847
26.6275
50.6218
16.3654
42.6126
26.2929
32.61
4.96966
0.643407
22.4353
66.663
90.7238
45.6842
46.5027
23.2966
22.9465
43.2476
54.8528
1.34398
16.5552
66.7641
2.0129
31.3735
80.757
80.985
61.7805
24.4844
48.2749
67.5082
41.3629
18.2383
22.8413
24.4957
8.56372
15.3082
24.5847
19.7128
47.4524
51.3003
42.4424
38.5121
43.8182
48.5404
36.0856
38.0891
42.0188
62.9307
16.8287
75.6887
22.2387
78.4707
7.42257
44.3501
49.666
60.5303
68.387
62.9353
13.54
98.7229
34.6552
44.3705
9.87375
29.2504
39.8077
30.9582
56.0314
1.35342
0.0232728
39.272
33.2411
22.5895
50.2012
46.6171
31.4331
26.7205
7.2794
15.696
88.9921
11.3374
24.6942
37.4956
52.1186
68.6508
49.2537
6.49952
48.552
47.5655
65.0699
71.2177
7.80062
59.1758
9.30962
9.44654
60.1415
22.6563
33.7253
55.6656
17.3909
11.403
48.3834
70.9726
79.2943
2.17692
13.2264
2.94844
4.31558
31.2929
39.9039
60.0759
16.4906
4.66763
86.5618
42.8077
16.6346
72.2595
7.23803
31.1389
49.1208
43.0312
23.266
58.8426
44.8951
44.1222
54.1888
24.5256
11.8813
14.9552
48.0732
34.6982
18.7177
66.4196
58.1246
60.5076
42.771
20.5575
42.1168
29.4233
39.954
10.0857
80.9627
10.6331
50.5285
19.7099
11.3013
77.0468
48.2588
45.7987
3.56902
23.9214
57.5409
82.3072
6.2166
12.5507
102.645
65.3698
54.1763
22.4579
77.203
19.6285
37.9119
5.57559
41.6631
7.23689
13.2747
36.4582
80.0955
25.025
59.8331
72.9332
36.6545
30.6227
10.5524
40.2794
29.5382
9.86035
41.2528
58.4671
39.5446
29.7069
0.823773
30.3211
60.1018
78.8763
14.0212
69.5759
43.5871
28.8916
16.1214
37.0171
23.1992
13.4417
66.52
62.4414
83.8645
34.9957
69.0752
93.7447
85.1908
50.4555
43.9447
9.80571
70.8359
30.4377
47.4875
25.0424
83.7896
45.4644
54.9798
49.3993
17.7451
45.5579
44.205
61.719
35.3144
45.0832
49.186
103.35
15.693
36.8387
14.1826
48.2642
117.5
25.6703
28.5436
28.351
41.0181
42.9333
37.5173
2.78547
39.382
11.043
41.5729
41.0571
42.2445
18.094
52.2591
6.25997
33.6029
6.86849
45.482
39.9552
8.91279
47.1496
34.9307
87.302
58.453
39.2928
56.2594
36.8523
32.817
1.61932
81.0685
20.9034
25.3164
37.5445
16.9473
50.7996
68.3414
75.7369
49.069
23.365
40.5946
29.2541
21.0075
25.5492
45.1435
13.0168
46.6632
58.7166
11.2787
34.6489
24.929
27.4652
23.2411
20.9142
41.4012
66.4644
55.8532
63.3511
43.3895
54.2322
69.5601
36.6353
12.1097
44.2547
39.8931
43.5049
38.3087
26.4739
68.2549
65.6941
67.081
44.4674
57.0887
19.8943
20.192
23.9155
61.7424
73.8721
50.4981
22.8388
53.0674
16.6172
36.762
20.6974
22.5807
29.9917
53.628
64.9652
8.72689
21.6519
31.0718
42.6182
4.63342
15.1096
53.5526
60.5769
40.1951
59.5698
80.3933
39.2293
11.5808
64.1617
25.0777
26.4428
48.4187
47.7305
70.8768
2.73969
73.2147
10.3475
24.0414
81.2793
57.167
42.781
28.0473
43.1796
55.8468
7.59304
13.3187
94.4978
55.8693
44.7884
8.24981
18.452
8.77544
41.7823
46.7407
3.33438
19.6023
39.6369
16.9534
51.552
86.2476
46.7068
34.7052
1.34476
23.5275
53.3789
46.9048
12.4808
27.2129
10.7741
29.2263
87.0628
31.748
66.8525
14.3258
21.0119
8.94133
46.3668
24.7889
4.88887
8.61471
67.7688
64.8844
50.0459
56.8413
11.8093
20.5768
45.8617
0.386272
21.6185
22.9345
40.831
47.7441
2.17111
31.9514
41.1106
11.199
28.5035
18.0008
20.2836
55.42
75.1191
22.4017
36.8593
59.8557
61.9019
5.77193
34.4705
44.9683
8.36721
47.4067
66.8612
9.54647
19.8448
43.6535
63.0096
46.4195
12.9417
42.7233
80.3868
63.3983
29.5356
58.2607
7.815
2.6581
33.1772
37.9613
54.2049
76.4901
7.25386
36.1616
12.7765
96.7459
15.5034
38.4774
33.5649
49.0187
57.7814
4.96164
25.5975
52.6082
38.8577
13.3168
41.8224
48.6542
19.0881
40.6757
69.3576
59.1694
23.8014
17.6302
76.8663
51.7779
40.4229
71.8935
9.40357
16.6748
22.4077
41.8642
56.6125
66.1964
69.7365
31.6455
94.6245
10.0677
31.6669
50.7969
51.7806
69.7021
34.9009
11.458
19.2913
28.0993
30.4405
49.3329
27.5297
35.7316
19.3211
48.5391
80.8047
58.5159
4.12552
45.6765
58.1202
61.5409
9.44523
60.2056
32.6564
38.8662
74.4075
2.24563
36.266
67.9395
75.3266
38.852
66.8544
74.4204
2.20423
25.727
45.6095
60.9502
59.8199
40.8539
23.7713
53.143
43.4097
45.2167
46.0637
7.01614
6.79498
14.5248
26.4519
42.6938
6.3539
46.6402
41.1139
41.5873
0.964361
6.03519
12.3969
36.1848
27.0929
31.9841
20.0949
54.9742
36.8979
36.6065
37.2005
18.8629
4.42698
22.9282
54.8285
47.0249
9.68147
4.12098
17.3404
1.59113
6.54555
14.9035
10.0493
53.4149
57.599
59.7555
58.8433
54.3128
53.9205
39.872
2.16625
25.191
24.8342
4.09246
41.4637
28.9859
31.7055
54.856
47.8171
31.4254
34.5007
5.565
44.4401
57.3859
12.3764
79.8339
92.2842
62.8581
44.4307
before closing file input /home/nadjieh/work/samples/postMoriond/Aug2013/TToBTauNu.root
before endjob
0
0
0
244
202
nW+: 181	nW-: 63
SR+134
SR-36
SB+47
SB-27
