**************************
SYSTEMATIC SITUATION: 
**************************
METDOWN SYST
**************************
file number 1: ~/work/samples/postMoriond/May2013/ZJets.root
I am in tree = 0
inDirect
treeName: ZJets_2J_1T_UnclusteredMETDown
ZJets_2J_1T_UnclusteredMETDown	0x1c119d0
0x1c119d0 tree afterward
ZJets_2J_1T_UnclusteredMETDown
1710
26.5123
26.4461
10.211
13.9615
54.871
23.3573
8.61719
70.9238
3.27047
21.0411
23.8946
22.0885
70.522
67.2956
46.6979
36.7233
19.6169
45.8303
4.56934
49.2323
78.7362
11.8991
47.7678
38.8837
75.7546
73.1019
20.515
32.929
71.3475
6.84554
64.9819
93.3376
21.2525
7.03314
33.2047
12.5557
33.917
70.0606
0.0512511
63.4772
48.5987
11.6824
46.9171
13.1859
53.5833
135.941
3.96993
50.4937
22.3874
19.138
56.6298
62.4718
49.9095
37.9221
18.3323
13.5447
41.2046
13.7214
30.9542
9.15606
36.207
24.8601
1.92421
16.7674
12.1245
37.4789
17.6338
23.5284
101.698
35.0141
59.8725
57.7532
71.4286
70.5323
103.41
15.2723
48.4426
7.83036
44.9406
2.47025
86.4099
23.0704
10.4238
64.7826
119.809
32.1287
12.5428
12.5744
56.8501
27.3869
26.3872
8.12015
58.4877
83.444
152.239
MET does not have solution even after MET smearing.
The solution is returned as if Delta was zero ...
8.34374
13.1547
91.9933
35.765
111.535
1.17144
17.5196
53.4377
13.2558
21.2292
26.7203
9.54188
30.6645
50.5465
62.8592
118.998
16.3736
81.521
16.1016
91.6428
6.44288
81.1674
77.0132
37.4264
4.90955
36.0996
74.6242
33.7003
51.1284
0.432713
28.5794
66.973
1.32817
21.5343
25.7289
6.63313
26.408
0.621228
56.1412
51.9809
6.91301
74.5344
73.8536
18.0463
44.817
80.6777
24.848
12.436
32.2305
32.8101
64.8558
86.8303
4.92867
28.3389
53.0245
20.1085
12.126
64.6302
68.4114
32.0072
25.1724
25.0931
62.4532
8.63384
53.7971
0.652473
31.2998
10.9187
9.29339
112.393
47.3394
47.518
74.7904
84.8522
51.5752
30.9138
23.2944
28.419
67.2676
37.9098
22.852
43.8278
7.7374
8.73578
107.27
26.0602
27.8658
43.6192
6.61293
39.2612
55.2707
22.4774
105.572
88.0206
11.8996
14.7475
21.0461
74.8902
72.6807
46.9581
105.919
51.1825
3.27534
65.8648
40.8817
15.8847
69.5621
73.631
32.7173
48.957
54.5231
52.6597
82.4644
53.0604
17.5192
35.5715
20.0974
19.0513
6.23232
123.938
0.987704
100.59
90.3349
16.3518
54.6333
63.4351
60.6551
10.8341
24.3647
25.3018
10.2684
57.618
87.1533
54.9159
2.89677
6.3489
5.63128
26.6741
54.7703
66.1315
46.8427
83.9398
31.8439
60.9418
90.3261
13.1625
52.6011
29.9913
36.3947
14.3911
5.86759
54.8176
67.652
13.8076
63.4262
14.1762
4.27074
38.2658
25.0178
35.1551
4.32563
25.6317
42.6768
63.1444
127.884
18.1967
70.8605
10.2242
36.884
91.5836
49.3541
25.1397
11.8252
49.4102
69.6552
63.7033
81.4839
33.9645
16.5185
10.0122
37.3141
70.922
69.7275
31.2267
25.5765
17.0858
43.474
74.143
104.593
37.4117
86.4726
4.89223
51.047
55.046
52.8517
85.3132
28.5743
24.153
20.1278
44.2556
21.6464
1.587
1.30018
35.24
40.4586
31.0047
75.8304
28.6939
40.4174
55.996
25.0098
65.1093
55.871
20.7775
14.4313
8.79497
57.5012
3.10719
45.0776
44.7968
94.1409
83.2883
36.1623
42.4704
10.4484
99.1071
7.57315
54.9748
137.416
107.299
19.3254
60.6383
14.1548
49.8556
17.975
67.1953
6.81624
5.78353
4.52789
29.9595
57.8867
125.906
112.509
23.6583
9.765
40.698
72.1501
14.7101
73.6788
12.0684
8.99049
66.3886
47.8346
27.3678
9.56393
69.6451
125.299
80.1377
32.5779
95.0416
5.39603
45.0167
18.4235
44.342
43.4656
27.3655
79.8661
61.3874
108.298
71.5079
117.284
47.5202
108.268
85.2272
61.224
2.85663
87.9124
60.081
66.8099
18.3359
35.0278
44.4454
5.07589
67.6562
120.89
35.7
103.316
45.9296
49.2897
89.7849
1.59074
75.5666
14.9862
75.7093
76.529
4.11952
2.35849
60.3385
59.7445
11.8272
26.5123
26.4461
10.211
13.9615
54.871
23.3573
8.61719
70.9238
3.27047
21.0411
23.8946
22.0885
70.522
67.2956
46.6979
36.7233
19.6169
45.8303
4.56934
49.2323
78.7362
11.8991
47.7678
38.8837
75.7546
73.1019
20.515
32.929
71.3475
6.84554
64.9819
93.3376
21.2525
7.03314
33.2047
12.5557
33.917
70.0606
0.0512511
63.4772
48.5987
11.6824
46.9171
13.1859
53.5833
135.941
3.96993
50.4937
22.3874
19.138
56.6298
62.4718
49.9095
37.9221
18.3323
13.5447
41.2046
13.7214
30.9542
9.15606
36.207
24.8601
1.92421
16.7674
12.1245
37.4789
17.6338
23.5284
101.698
35.0141
59.8725
57.7532
71.4286
70.5323
103.41
15.2723
48.4426
7.83036
44.9406
2.47025
86.4099
23.0704
10.4238
64.7826
119.809
32.1287
12.5428
12.5744
56.8501
27.3869
26.3872
8.12015
58.4877
83.444
152.239
8.34374
13.1547
91.9933
35.765
111.535
1.17144
17.5196
53.4377
13.2558
21.2292
26.7203
9.54188
30.6645
50.5465
62.8592
118.998
16.3736
81.521
16.1016
91.6428
6.44288
81.1674
77.0132
37.4264
4.90955
36.0996
74.6242
33.7003
51.1284
0.432713
28.5794
66.973
1.32817
21.5343
25.7289
6.63313
26.408
0.621228
56.1412
51.9809
6.91301
74.5344
73.8536
18.0463
44.817
80.6777
24.848
12.436
32.2305
32.8101
64.8558
86.8303
4.92867
28.3389
53.0245
20.1085
12.126
64.6302
68.4114
32.0072
25.1724
25.0931
62.4532
8.63384
53.7971
0.652473
31.2998
10.9187
9.29339
112.393
47.3394
47.518
74.7904
84.8522
51.5752
30.9138
23.2944
28.419
67.2676
37.9098
22.852
43.8278
7.7374
8.73578
107.27
26.0602
27.8658
43.6192
6.61293
39.2612
55.2707
22.4774
105.572
88.0206
11.8996
14.7475
21.0461
74.8902
72.6807
46.9581
105.919
51.1825
3.27534
65.8648
40.8817
15.8847
69.5621
73.631
32.7173
48.957
93.1796
66.667
21.2689
13.9949
85.1344
37.5903
67.6417
56.2873
75.157
20.3482
8.60973
69.6052
2.32607
111.633
49.4925
61.602
22.3786
61.4947
15.5117
28.8346
46.6758
51.0107
49.3426
51.3431
15.6929
188.452
MET does not have solution even after MET smearing.
The solution is returned as if Delta was zero ...
49.694
23.7522
45.8822
62.958
105.477
71.9198
30.8343
69.2476
98.5528
96.149
37.6947
45.0504
48.8869
33.9284
65.8997
7.92992
101.457
55.5094
77.6464
14.24
10.4097
84.7231
21.9021
126.646
MET does not have solution even after MET smearing.
The solution is returned as if Delta was zero ...
37.1351
40.7618
73.7742
10.4932
88.5593
72.8635
21.1387
81.8331
33.7066
75.0327
15.3176
76.1561
96.3257
55.0696
8.58768
14.8435
53.692
11.9436
103.422
50.9621
156.154
MET does not have solution even after MET smearing.
The solution is returned as if Delta was zero ...
34.2614
80.5435
11.2036
16.1655
10.4272
43.8362
42.698
51.8683
47.1351
48.9412
3.52793
41.8015
93.5449
4.80111
53.5837
101.43
8.20741
38.6409
38.6625
24.7087
12.5914
26.8238
44.6418
80.1308
44.4741
2.90625
60.197
76.1672
6.21008
11.0523
70.5618
40.3802
54.8816
13.6905
75.9817
47.5441
65.7573
6.6218
28.4092
44.0955
56.3935
71.6815
37.2979
23.0623
22.1784
14.4889
43.9967
30.4287
2.75835
2.84476
83.5073
42.5973
0.288315
16.8563
42.8364
101.302
11.4417
84.9797
21.4311
29.7598
12.6605
47.8229
12.67
20.1134
65.8569
71.1479
95.5123
6.16432
40.2797
21.4189
55.426
20.7434
77.5758
27.3758
47.9467
67.5638
11.8449
40.9266
41.0351
86.9448
83.3558
26.5977
67.9314
16.0063
52.1898
55.241
40.9529
41.1966
22.0963
74.5468
101.327
20.5095
118.752
101.94
31.6699
25.5042
1.65469
57.8187
0.442252
54.3022
66.4208
11.686
24.9668
124.285
39.6373
66.7675
119.284
32.4539
71.4262
18.5812
36.6436
22.8424
10.9919
92.928
1.42652
23.0722
37.2086
42.5289
49.7119
117.537
20.0528
1.20648
97.0078
8.42657
32.3719
5.42495
68.4808
2.51191
92.7205
15.1874
27.0331
57.5663
65.5331
109.609
29.0399
57.2053
9.40907
20.6691
63.3736
62.7107
30.9081
34.719
2.71861
20.5929
48.46
2.76972
49.7064
131.264
17.1326
38.6046
51.1454
20.3685
44.1187
21.3899
40.5627
81.3525
103.972
15.0644
22.3588
46.6353
122.155
67.3912
48.3838
25.8709
51.5201
66.3815
54.9162
91.5837
4.22536
40.1635
52.8496
25.6271
14.6582
36.914
89.7062
65.7854
58.328
47.6271
0.701567
16.8329
9.87661
8.2524
63.9495
37.4809
48.7067
56.8037
4.05837
68.2904
124.029
36.8383
34.9568
25.0878
22.252
45.6762
123.759
19.8273
67.4356
47.6312
26.7438
62.8805
91.0136
110.341
42.6014
56.0444
34.0297
130.503
54.9374
14.4681
16.172
104.546
8.47407
1.00479
42.9852
57.8362
51.5209
68.3253
44.2144
23.185
89.3686
37.6112
11.0052
70.9305
79.0929
63.4694
7.98896
7.01923
12.3735
50.017
129.357
75.7131
15.3673
67.0256
33.1548
74.199
71.9193
62.1484
70.9002
13.3516
38.3002
89.4805
88.0757
43.2453
6.0626
77.8223
61.837
90.324
33.4116
14.4419
43.5429
0.072159
10.7619
47.0174
59.7373
48.3066
102.906
31.8326
56.1038
7.05534
65.8461
9.94365
35.81
8.77774
51.4506
23.9859
54.2596
96.1335
45.0008
93.7986
41.497
36.0107
123.799
42.6526
7.1977
30.7256
2.99408
27.9816
20.4448
15.3187
56.4631
24.6873
21.0795
43.8167
54.5375
18.9639
19.5296
56.4907
67.6377
76.1896
90.0001
76.0484
22.3917
51.9747
10.212
58.8313
54.7312
3.21461
13.864
26.9706
81.2532
124.267
53.8774
33.1117
41.8712
61.8227
5.79899
48.9728
35.1488
24.9745
37.7729
55.9577
61.1426
25.1459
63.9553
93.5784
23.4268
6.5272
38.4311
28.0485
56.8823
109.102
65.0331
128.203
41.7989
66.1566
31.5913
54.667
54.5133
45.0134
31.0112
55.8293
37.4324
55.3384
51.8989
48.1754
26.5961
26.4578
152.983
104.671
89.668
56.8692
42.8447
44.018
192.196
MET does not have solution even after MET smearing.
The solution is returned as if Delta was zero ...
51.7785
24.4194
48.9652
52.9088
32.3638
66.6609
97.8217
27.8082
6.44143
41.2234
22.3527
32.8596
46.7794
71.0942
105.316
10.8363
10.7136
18.1205
17.7644
13.4909
69.7924
65.9751
30.4299
30.6464
2.709
23.6232
36.7853
34.8038
33.825
95.4957
0.638164
76.7592
29.0372
26.1117
22.2741
33.2353
48.6912
17.2708
9.34149
61.6177
48.9144
14.9621
46.0955
41.804
89.3076
70.9506
72.5152
19.7295
30.5924
19.8278
91.7892
62.189
71.6661
42.3601
46.7798
8.21157
93.8234
102.206
31.3418
105.048
85.1806
64.3051
110.25
13.1366
92.7377
8.3057
38.6442
28.8915
64.5065
72.0584
84.3459
86.6289
6.9815
41.8414
72.8116
21.5734
77.1012
51.9406
79.5666
53.7441
92.7772
41.4385
25.3901
43.9135
66.7985
26.0543
45.5166
21.4198
54.5439
18.709
120.42
17.3445
5.51034
49.5023
143.961
7.47662
58.0006
67.7077
45.9324
7.92461
51.7553
37.7625
34.5282
46.073
35.2236
50.3568
1.93944
16.9597
36.6863
28.9309
47.579
84.3751
1.69361
63.1594
42.1971
8.21662
56.1192
168.379
14.8406
78.4951
108.066
56.8943
34.8956
72.6392
77.9405
21.7211
4.25008
66.5739
39.3436
21.4121
27.749
21.5751
24.7951
24.0669
2.62325
12.2052
154.764
30.2859
103.109
36.668
64.3171
66.1855
64.127
122.801
65.4329
29.4035
70.8995
16.9701
60.3717
18.7864
23.8534
10.0277
43.6953
23.8355
56.2454
7.29974
22.2583
50.4494
45.3633
50.3879
26.9507
13.2292
33.031
31.5703
166.438
MET does not have solution even after MET smearing.
The solution is returned as if Delta was zero ...
31.385
64.6422
95.0922
32.0071
122.038
37.2395
46.8699
23.7347
44.7908
12.7279
52.7564
49.559
103.803
10.3717
21.324
40.9716
25.4635
63.0195
0.33168
106.864
14.8606
8.69975
6.68026
70.5638
69.7529
4.19857
6.98713
36.6905
20.394
81.1775
13.1548
39.3934
31.9981
15.9655
14.4531
34.4033
74.5075
13.5902
24.1173
9.20655
54.1015
75.4404
30.2356
34.4125
60.5909
26.5351
103.998
6.98344
34.1184
4.34158
109.315
47.5696
70.6066
24.093
8.58963
84.3321
73.1651
63.0486
108.565
17.3389
40.954
65.7227
86.3061
25.8874
55.1186
130.181
37.1104
20.3528
90.2084
6.49611
72.9247
20.3099
51.2292
19.8483
108.262
96.7889
55.4055
49.4236
28.0794
58.2309
36.9959
80.5565
63.7791
30.2775
3.03452
86.1712
22.1284
55.656
102.304
26.1081
24.3883
31.1024
19.8706
61.3188
59.8964
58.8426
48.8912
72.913
30.3429
45.8043
5.18286
48.1132
21.8119
4.21556
44.0626
82.1323
48.107
45.7965
27.9918
40.4735
22.9115
16.023
44.7671
27.7477
58.7969
40.2322
21.112
14.5143
39.5076
104.12
43.2953
73.3944
74.3119
61.9081
51.5691
42.674
15.5937
46.3635
42.8112
3.95168
101.92
32.5694
82.5547
52.7179
24.1834
86.0349
28.4327
112.568
10.3484
53.7851
1.61533
51.6431
81.4152
16.8772
21.8234
114.219
46.2892
38.1034
7.28021
120.717
55.9084
151.327
120.619
51.5342
143.732
20.6012
62.8705
50.2129
93.4953
10.6675
59.6567
55.1249
75.094
39.5766
8.17153
59.324
3.30028
32.4756
31.3911
55.4577
10.9011
33.1313
74.9913
40.8517
2.57663
31.2782
108.825
56.749
100.937
86.3616
41.2615
33.5673
35.2996
77.5087
16.5725
14.7886
74.367
88.0269
61.9718
53.1313
46.4419
9.17451
18.5207
20.7396
51.2198
31.8487
65.4923
43.2523
57.2199
12.6658
25.7812
14.8525
63.7845
63.4937
46.9187
45.5525
45.7955
18.6622
29.8001
62.7891
22.9507
62.1267
28.9059
55.3159
221.235
11.3271
56.8158
7.99873
49.8816
1.38662
1.16639
12.5001
46.4958
18.2567
130.282
31.6192
84.999
6.03269
69.3506
9.29249
27.8054
9.72566
24.5602
10.9822
90.0256
34.1583
81.9767
43.0787
15.9917
43.9183
81.6662
98.2717
20.3981
89.7111
76.7977
12.4401
104.751
98.4938
4.81258
19.3628
29.6419
21.3985
70.6681
97.8644
84.2396
13.1855
15.6365
2.93665
95.9561
52.3217
53.6589
72.1283
53.7514
62.6837
53.642
9.60614
30.1797
6.88015
16.0415
106.825
20.0628
26.5186
22.5651
61.686
16.5006
39.2953
86.284
81.8574
53.4666
13.2437
12.2148
36.6973
242.99
MET does not have solution even after MET smearing.
The solution is returned as if Delta was zero ...
17.3877
73.3075
76.3624
78.249
73.8573
37.4048
2.82956
35.8319
72.2113
75.4578
73.6597
1.92678
22.9026
114.153
53.9747
48.159
147.304
MET does not have solution even after MET smearing.
The solution is returned as if Delta was zero ...
56.568
38.4477
74.7182
25.0707
40.9631
12.7802
2.20158
11.7727
64.4981
18.2045
34.3893
68.1129
19.2833
27.5815
10.7524
3.17844
37.5309
87.9093
22.3847
33.9478
26.3859
64.3392
92.4229
7.57955
57.06
112.654
44.2832
80.5993
112.447
115.243
47.3504
10.4337
28.611
140.24
67.4523
36.5924
38.9745
0.587576
1.02122
28.6215
31.2138
64.6622
9.9825
12.0272
5.8371
34.2012
30.4771
42.0455
87.3117
6.45203
91.3477
44.2235
66.9494
0.165209
39.5498
24.5997
38.5876
44.4159
39.0783
0.826697
7.82747
44.0812
94.3028
43.0424
101.847
40.413
49.4381
82.6784
54.0715
38.3855
9.01735
38.4003
61.1179
36.9859
40.403
31.3689
44.8426
47.4783
9.68048
45.1833
19.7696
37.8958
12.3998
60.2464
43.4349
99.3595
68.3494
67.7676
80.5049
8.53231
18.9715
62.9755
26.3003
19.5321
55.6387
36.1837
15.9448
75.4025
73.5039
52.2002
29.8878
0.961088
12.8747
13.19
9.91539
89.3496
58.6343
0.673156
3.51985
69.341
121.447
16.3741
3.46861
90.5825
24.3577
119.391
102.047
28.0517
78.451
110.162
72.1459
60.2745
33.2474
22.0961
30.5076
53.4189
18.5623
37.7909
59.7246
27.2989
58.2269
11.1888
3.01489
75.2635
12.2742
22.4257
63.2213
86.1326
83.4237
31.1363
7.62954
48.0863
79.3515
46.6462
17.7073
29.7938
66.1089
38.9558
54.0723
0.978007
45.5645
83.1355
64.8886
29.1031
45.3926
9.74482
54.1212
142.117
MET does not have solution even after MET smearing.
The solution is returned as if Delta was zero ...
42.0628
20.0735
4.35743
51.8452
32.4843
41.072
67.729
10.655
50.5758
27.7837
54.6153
40.4818
17.6249
44.0355
68.9989
26.256
23.216
6.81818
54.9396
52.9764
69.5291
34.1127
2.81761
4.10094
65.8951
24.3215
75.2663
17.1273
27.2563
28.3618
78.6518
65.5273
52.9273
34.6593
46.3747
118.646
30.2133
6.41196
2.76852
37.3558
30.4444
25.8794
41.3096
66.5329
53.7901
17.4032
65.0197
8.83718
113.841
46.6707
47.3932
74.5055
49.9103
86.4081
15.5949
87.8634
46.432
65.9234
43.5578
103.802
30.5833
83.7728
14.323
88.193
38.9384
31.4812
21.4114
25.7471
65.7765
74.9478
99.0734
59.9803
5.34623
before closing file input /home/nadjieh/work/samples/postMoriond/May2013/ZJets.root
before endjob
