START
file number 1: ~/work/samples/postMoriond/Aug2013/QCDMu.root
I am in tree = 0
inDirect
treeName: QCDMu_2J_0T_noSyst
QCDMu_2J_0T_noSyst	0x2aa9e50
0x2aa9e50 tree afterward
tree name: QCDMu_2J_0T_noSyst
7.87695
11.3344
60.7499
19.8654
45.4224
19.9209
15.7615
2.39308
21.3036
2.98959
15.6915
23.2275
15.3034
26.9885
2.43271
27.1336
33.067
40.7724
13.9395
18.5625
46.9323
3.46631
36.2426
25.5169
43.3025
8.3059
17.6477
30.9924
44.557
60.9583
25.4116
17.7509
24.5701
44.4206
25.7853
22.0448
30.3059
29.7386
7.54787
44.4797
36.7336
20.9508
69.6561
0.96811
20.9745
24.8204
27.9548
23.4349
41.3873
20.9124
17.9894
26.5281
17.5338
51.5278
16.2058
8.46654
23.4457
0.915098
33.5533
42.1855
13.6896
15.9371
34.7451
11.255
24.2246
17.0545
30.77
19.2884
19.5468
50.0201
20.8388
13.7623
3.92337
42.3537
39.8871
30.5135
36.8529
57.7842
43.4849
53.8681
58.486
28.8366
9.26212
27.5426
32.3007
58.8643
11.452
63.0982
16.8516
15.9458
17.6142
22.105
39.5454
44.9636
16.9462
7.29753
1.2248
39.201
33.1289
69.4697
5.23734
6.71471
28.9644
75.8093
12.2774
43.7945
15.8529
2.6927
40.9302
23.1556
28.2489
30.9528
24.9037
12.3407
22.2305
38.5114
10.3667
12.0133
1.73763
32.2283
41.2212
30.1936
7.79594
40.3933
7.81667
19.3002
6.57628
36.4418
2.38355
23.2421
30.8297
25.7103
15.3734
46.5042
25.9346
26.4711
38.8768
28.5365
22.736
23.4467
22.7034
37.3221
4.57832
52.5787
39.3231
12.3358
9.10923
50.5962
9.41986
11.1673
14.864
12.9899
44.5245
49.7979
41.3311
23.7675
21.9102
14.609
11.0379
5.31842
13.0862
26.942
29.37
13.3763
8.58164
8.06175
26.1728
16.045
7.30798
29.5221
16.8037
54.5497
63.5472
18.2606
32.4271
99.2125
46.5459
19.5097
8.15817
24.1799
69.5171
21.1521
34.2216
0.0384743
20.0524
54.6299
16.664
10.4043
50.0503
64.7989
27.9901
54.7846
54.9688
9.54094
14.249
37.3843
13.0933
20.3123
25.7047
4.59588
34.8396
26.9368
35.0442
18.2945
25.7825
13.9463
19.6335
2.99452
48.7931
21.1547
16.1347
25.1012
30.0383
3.27137
9.64185
0.643336
9.67751
25.1462
5.96181
6.30664
61.2714
27.5296
49.3334
5.60904
3.26435
23.8401
12.798
12.5256
5.37165
63.0124
39.1724
37.4758
45.9491
9.85571
10.705
3.88904
5.81213
10.476
18.1709
30.3653
5.02036
41.736
86.9949
58.5173
25.4323
6.20993
19.9714
36.0986
34.0362
70.6993
9.29681
10.1931
26.6667
30.5884
5.19757
27.2246
1.01274
24.1962
37.5815
32.8304
1.3988
12.7311
13.9888
18.0724
56.3718
9.61506
26.1735
1.6902
53.077
24.7212
61.3631
57.1648
6.76549
6.17735
39.6994
11.9855
77.5388
14.1648
43.1968
20.7261
55.8676
23.4379
68.0164
41.6049
42.5039
5.4894
5.79155
10.8012
4.57273
3.96543
37.6075
15.631
39.45
1.34576
20.4544
52.3034
11.9805
28.7528
27.8694
2.36606
28.2785
8.21283
36.8499
9.87225
17.1227
9.70444
29.6922
34.2874
53.7252
69.0635
2.22088
27.3343
8.02122
63.4085
9.01669
25.9922
20.4817
3.7641
17.591
31.6668
10.8878
26.5434
22.4221
21.624
11.678
9.69011
4.20983
7.73217
29.4052
14.3321
17.9152
8.62352
22.4535
22.46
11.599
12.0108
49.8588
22.3091
21.9362
26.2605
7.87466
2.58089
32.6815
41.5698
47.3061
36.4313
3.96706
53.9713
25.6992
19.9588
6.49179
4.6763
23.7131
13.0282
58.8078
15.8811
39.0143
11.0196
58.0666
11.8821
21.1045
19.4568
43.7879
40.2623
19.2221
21.9396
12.6161
35.2146
2.53845
41.9805
15.8348
16.5742
9.73629
11.4734
45.2412
33.7948
7.50236
0.10283
58.0409
35.7689
0.274464
11.574
12.3313
46.9196
18.549
45.3696
37.9794
16.2061
85.6103
31.6963
17.0897
19.0015
20.2658
2.34061
0.0251336
22.8841
61.9206
27.4904
5.11968
43.3208
39.0395
11.9755
30.5348
36.3685
19.6117
3.51677
4.35125
29.2613
34.9906
47.6546
24.6648
22.8684
10.1807
30.0826
19.1866
42.5638
14.1571
6.35667
21.5886
41.7882
7.87213
16.7277
7.67174
60.2257
17.9346
12.7629
15.1383
38.7269
51.3944
34.0609
65.2212
39.2874
22.046
23.3363
2.4538
5.92236
41.1534
11.5539
34.1205
12.4176
12.9424
46.1643
3.66828
5.1066
67.9529
30.7341
45.1455
3.70521
10.8991
54.124
40.8903
15.4672
12.6721
21.2857
27.8941
63.5916
48.0624
51.0661
15.7309
22.7313
42.4845
12.9106
21.034
35.0965
1.02213
8.36335
12.2189
29.2229
26.4487
3.26995
31.569
50.0922
18.3588
53.1415
27.6593
18.2847
11.4221
41.778
15.7964
30.268
2.88173
13.4906
8.66149
15.2856
63.5954
17.0198
21.6464
1.4606
5.76604
14.2153
6.4655
22.2915
14.6593
17.5852
39.2421
69.7925
56.3761
4.23371
17.5294
11.0859
48.562
67.0093
47.3454
51.9572
6.60863
31.8478
3.96486
29.2736
14.8291
47.7005
13.4542
21.2158
39.0972
19.0876
45.7886
1.59724
7.44372
35.4362
17.3064
27.4699
21.425
12.7628
5.72289
13.7647
42.3154
44.5792
32.4693
35.5732
35.5255
84.5852
34.7088
54.7766
before closing file input /home/nadjieh/work/samples/postMoriond/Aug2013/QCDMu.root
before endjob
0
0
0
41
37
nW+: 22	nW-: 19
SR+15
SR-16
SB+7
SB-3
