**************************
SYSTEMATIC SITUATION: 
**************************
JESUP SYST
**************************
file number 1: ~/work/samples/postMoriond/May2013/ZJets.root
I am in tree = 0
inDirect
treeName: ZJets_2J_1T_JESUp
ZJets_2J_1T_JESUp	0x12fba40
0x12fba40 tree afterward
ZJets_2J_1T_JESUp
1763
26.4936
26.4077
11.4654
14.3172
59.4377
24.8731
0.0141607
9.85003
71.3468
3.83517
27.0418
23.7387
73.84
73.7848
45.829
38.1934
22.1726
49.0124
4.72077
52.0107
77.4809
11.7831
48.8949
40.3905
80.0162
73.6626
22.4435
35.4476
69.4703
8.14206
68.9248
94.1824
33.9446
15.4797
37.0471
11.3763
76.7086
0.0558045
71.7208
49.8241
90.6385
14.8022
47.5094
13.6352
55.4602
131.971
4.50555
55.1608
23.8746
21.6768
63.5668
70.2772
54.1644
19.6715
13.4829
48.4453
14.6195
33.5894
10.0932
37.5629
25.826
1.96928
18.5907
13.524
35.4839
17.9495
28.0144
113.075
39.541
65.3016
63.069
75.3371
75.139
111.774
55.2919
9.66732
46.467
2.58482
89.067
24.806
13.135
71.4841
120.233
34.4944
13.2391
15.2001
58.8374
29.2228
33.279
15.1324
53.7659
79.9616
161.419
MET does not have solution even after MET smearing.
The solution is returned as if Delta was zero ...
8.83507
50.4355
13.2352
94.9696
36.3377
108.331
1.2697
16.2254
55.203
13.8674
68.6571
22.5376
36.9885
14.4539
34.9708
52.3353
63.8825
119.854
16.4111
82.0596
15.6325
87.923
6.18197
80.423
74.6197
43.0233
6.32343
42.4064
78.9689
29.5549
55.7739
0.440802
1.87149
16.879
67.2744
1.27671
24.8927
27.5681
7.25044
24.8452
0.636571
62.5358
54.7572
10.6511
79.6178
84.4433
19.5926
43.0107
88.6527
22.2807
17.7222
37.1394
39.6648
64.6853
45.3511
91.5582
55.2947
21.3381
12.8473
72.9643
71.298
32.8502
26.2095
24.6541
53.6499
8.88758
54.4895
0.880418
28.4921
11.7708
9.82265
119.312
50.8779
56.9087
84.8692
87.647
55.609
35.082
30.2146
29.7823
69.5353
33.5859
27.0252
50.6434
9.41211
9.49823
88.313
93.2601
29.3149
30.4969
43.5447
21.383
11.4264
44.4883
49.8253
22.9371
108.71
89.1038
12.5526
17.4148
20.4336
80.6975
212.718
MET does not have solution even after MET smearing.
The solution is returned as if Delta was zero ...
73.6977
49.5609
13.4036
110.277
44.5237
3.21665
64.4473
51.91
17.9919
71.3472
76.0391
28.1293
50.7235
55.3481
54.7238
84.6929
55.449
25.5679
37.5444
101.343
20.5793
27.4385
7.62272
128.729
0.919283
111.044
88.5334
49.4261
17.6995
55.7552
74.8152
60.7805
13.3321
27.4137
34.1101
10.5441
51.176
91.6361
53.4767
47.3263
65.9884
2.9682
6.55156
5.72766
34.1924
64.2714
67.2326
50.8652
89.8742
34.0894
74.3642
93.9539
13.3721
68.0453
32.7712
41.5969
30.0432
16.1199
5.82753
57.7272
78.326
15.4874
64.9336
15.8049
4.4803
41.6391
27.3121
32.2624
4.56591
9.30143
45.1673
69.0378
136.365
17.9477
42.4829
10.1764
41.4341
96.1299
55.252
30.4971
12.7576
47.8116
66.6778
67.779
85.7514
18.06
10.8032
41.515
71.1443
69.8145
32.8204
24.786
18.6811
46.9168
77.0047
52.7655
107.421
39.8209
89.6664
4.87529
53.4444
51.0445
48.9175
93.7007
29.1976
24.6175
27.5355
46.4603
18.4347
1.70066
1.34198
36.092
40.9127
32.8921
77.1987
35.7658
45.9248
58.6491
23.546
65.8679
61.1558
23.9978
15.869
8.59271
58.0512
5.01172
48.6411
48.6157
90.7494
95.3518
81.2827
21.282
43.6186
48.6733
12.2524
99.9531
7.72589
138.317
20.9035
66.7318
14.6773
50.1862
22.2443
72.1387
6.0554
4.58448
30.449
71.0346
62.1715
130.725
121.228
27.2941
10.2905
41.5571
75.1808
17.4978
76.5126
16.7704
9.11303
3.62772
66.8211
49.2602
30.5413
10.0462
65.7447
0.135386
71.6353
133.954
83.3437
34.3465
102.248
5.43523
29.2012
52.9541
14.9324
44.6538
45.9223
27.5023
72.6415
111.952
74.3637
48.5955
108.899
87.3387
65.5302
3.21276
88.4002
54.3073
64.6788
18.5358
38.9744
44.326
5.98694
70.7525
118.926
36.5084
106.689
41.3107
55.7669
87.0153
1.65875
71.5759
16.3492
78.6835
77.8744
4.27657
2.40136
64.3612
55.0849
14.3442
26.4936
26.4077
11.4654
14.3172
59.4377
24.8731
0.0141607
9.85003
71.3468
3.83517
27.0418
23.7387
73.84
73.7848
45.829
38.1934
22.1726
49.0124
4.72077
52.0107
77.4809
11.7831
48.8949
40.3905
80.0162
73.6626
22.4435
35.4476
69.4703
8.14206
68.9248
94.1824
33.9446
15.4797
37.0471
11.3763
76.7086
0.0558045
71.7208
49.8241
90.6385
14.8022
47.5094
13.6352
55.4602
131.971
4.50555
55.1608
23.8746
21.6768
63.5668
70.2772
54.1644
19.6715
13.4829
48.4453
14.6195
33.5894
10.0932
37.5629
25.826
1.96928
18.5907
13.524
35.4839
17.9495
28.0144
113.075
39.541
65.3016
63.069
75.3371
75.139
111.774
55.2919
9.66732
46.467
2.58482
89.067
24.806
13.135
71.4841
120.233
34.4944
13.2391
15.2001
58.8374
29.2228
33.279
15.1324
53.7659
79.9616
161.419
MET does not have solution even after MET smearing.
The solution is returned as if Delta was zero ...
8.83507
50.4355
13.2352
94.9696
36.3377
108.331
1.2697
16.2254
55.203
13.8674
68.6571
22.5376
36.9885
14.4539
34.9708
52.3353
63.8825
119.854
16.4111
82.0596
15.6325
87.923
6.18197
80.423
74.6197
43.0233
6.32343
42.4064
78.9689
29.5549
55.7739
0.440802
1.87149
16.879
67.2744
1.27671
24.8927
27.5681
7.25044
24.8452
0.636571
62.5358
54.7572
10.6511
79.6178
84.4433
19.5926
43.0107
88.6527
22.2807
17.7222
37.1394
39.6648
64.6853
45.3511
91.5582
55.2947
21.3381
12.8473
72.9643
71.298
32.8502
26.2095
24.6541
53.6499
8.88758
54.4895
0.880418
28.4921
11.7708
9.82265
119.312
50.8779
56.9087
84.8692
87.647
55.609
35.082
30.2146
29.7823
69.5353
33.5859
27.0252
50.6434
9.41211
9.49823
88.313
93.2601
29.3149
30.4969
43.5447
21.383
11.4264
44.4883
49.8253
22.9371
108.71
89.1038
12.5526
17.4148
20.4336
80.6975
212.718
MET does not have solution even after MET smearing.
The solution is returned as if Delta was zero ...
73.6977
49.5609
13.4036
110.277
44.5237
3.21665
64.4473
51.91
17.9919
71.3472
76.0391
28.1293
50.7235
97.1739
73.866
21.5748
15.7442
57.0009
83.2929
43.0646
68.4228
58.5739
76.2301
20.9222
8.82568
53.1641
2.33436
125.498
50.4676
61.2963
17.316
61.4567
15.9685
30.2625
48.5076
60.2291
51.1484
52.0295
15.2766
184.151
MET does not have solution even after MET smearing.
The solution is returned as if Delta was zero ...
69.6579
24.5193
48.6619
68.5482
106.427
74.9635
37.1828
71.6277
98.6838
107.118
8.76941
45.7526
48.5799
34.5179
69.2309
8.65802
106.957
56.905
78.86
15.1893
9.9073
89.2371
22.7744
134.246
40.3912
41.2539
78.296
11.3395
96.6677
69.8221
16.2724
83.967
35.2705
16.9414
75.5576
17.66
86.8819
99.1875
53.4871
9.60052
17.2511
55.8157
13.5855
109.386
54.8767
167.343
MET does not have solution even after MET smearing.
The solution is returned as if Delta was zero ...
37.836
78.8334
11.3161
17.2785
10.5437
38.1039
42.3019
49.1806
44.4182
48.952
13.3763
41.7943
95.7273
5.25491
61.068
11.7259
40.5041
45.1677
25.2123
24.9163
61.8223
36.0514
48.7739
3.33312
62.8167
73.2794
7.74094
12.153
70.0034
41.8993
80.164
14.8648
58.5328
6.68064
30.6112
44.1272
65.8678
77.0113
40.0279
26.3579
32.7795
15.8734
40.575
37.8703
2.96474
27.9518
3.20625
84.8793
44.2368
0.28725
21.7851
44.2534
103.945
13.8702
83.6594
22.355
33.7166
15.0571
45.7375
13.6896
20.5776
72.1684
72.7903
38.2195
6.53075
38.3546
28.5729
59.9129
20.9028
83.448
27.4563
53.5395
13.0535
40.4555
68.8446
83.6495
84.8125
32.9361
72.0763
17.879
53.5562
61.7817
43.0325
58.2693
23.4269
83.2306
95.9101
24.7699
121.003
100.27
30.752
23.266
1.52509
61.4767
0.456885
13.1224
51.2544
44.4803
72.9919
11.8585
25.9002
126.792
MET does not have solution even after MET smearing.
The solution is returned as if Delta was zero ...
37.7329
66.8461
113.558
28.0104
74.7197
22.6732
43.8419
11.2973
94.5127
2.40348
24.5219
44.1322
50.4406
59.9992
24.3866
52.1617
121.523
17.7914
2.14589
101.198
12.2651
41.7809
70.1463
2.54822
93.3732
15.7241
66.6014
22.0247
60.394
68.806
105.848
29.3599
48.7898
59.6401
9.53135
21.7363
67.8346
62.1025
34.5348
64.2831
44.8815
2.97439
21.4073
51.8739
3.09598
31.1656
135.063
44.6155
53.0713
23.4334
45.9703
23.8289
36.1699
85.7505
119.805
14.5322
24.7036
56.6152
137.376
70.872
49.2671
26.2397
56.3634
69.3491
55.3604
98.7111
5.43888
43.1942
51.1322
27.5731
15.3173
32.3066
83.3275
67.3038
54.969
52.3624
0.737948
18.0404
9.49479
8.40103
68.7655
45.2429
35.3446
52.2811
58.1449
3.68572
70.194
128.147
39.7562
26.0751
23.298
36.7833
120.158
20.8734
74.1096
50.3809
29.3061
69.2145
97.5485
119.027
46.3847
56.1714
34.7903
12.0397
131.848
48.6293
40.6478
18.4932
1.52398
104.969
11.2495
15.1085
0.878213
44.6921
67.0167
53.734
69.091
45.9431
31.8494
85.4479
50.5146
38.7538
11.1988
71.5865
78.1174
64.7604
8.09118
7.52255
11.8124
47.9741
133.61
82.1674
16.9045
70.8064
38.5982
80.6886
66.2691
62.4935
80.4402
22.3033
38.8525
93.0605
82.5025
47.6136
6.04664
74.9626
60.2741
92.4223
33.4834
10.147
15.8524
44.8606
0.0708206
12.0439
49.0965
51.5163
67.0059
49.0681
110.092
34.5006
58.7963
7.35471
74.5159
11.1483
38.2284
11.2596
52.5149
25.2207
57.5455
105.084
47.6403
101.8
37.9408
31.778
132.004
52.0309
7.67694
32.2119
3.18314
28.2844
22.3919
15.5776
60.4344
42.7834
27.292
17.2341
44.7001
49.5278
10.3002
30.707
18.3193
41.5937
58.739
76.2647
90.9811
74.4545
25.5815
58.0135
11.7929
57.0162
70.6656
50.307
3.30459
30.1193
82.608
134.979
51.341
34.7189
41.7041
73.3783
6.64825
44.9712
36.2172
26.8427
43.6378
56.5141
85.5704
44.2564
27.5621
60.9261
94.8076
27.9774
6.72457
31.2164
54.6713
108.939
65.3503
123.582
39.8765
125.642
32.2159
55.9457
56.3601
47.6411
30.9379
47.6155
38.2721
57.5085
56.1716
54.2215
28.701
26.1121
157.231
102.819
94.5512
55.93
45.9853
42.4173
184.187
64.1438
25.177
51.9483
52.3631
35.4087
58.0992
97.206
29.6553
6.7519
37.8537
23.2614
38.897
41.8425
25.8655
67.6595
107.258
13.1344
13.0089
29.5352
17.9397
17.632
72.9609
67.2543
29.8938
32.4409
2.90502
24.6449
36.8995
33.4741
96.2081
0.654854
79.0557
20.7557
25.9739
24.1927
40.5191
52.0317
20.2187
11.0722
71.169
36.5913
16.6186
45.8821
40.3005
93.748
66.2237
74.8432
18.5886
32.9913
20.4717
91.8703
74.7055
76.2691
45.9497
53.0468
8.55715
102.632
103.505
34.5177
109.128
95.6183
65.7163
114.238
11.5499
97.5966
9.14991
41.4214
31.5143
56.6447
76.0427
78.6616
87.879
18.2616
47.0058
44.3738
77.9182
26.6584
52.4312
76.0915
55.3746
97.9009
46.0295
28.4378
45.4619
21.1902
64.5094
26.9752
48.1815
19.5283
59.0466
20.5005
21.0833
6.52474
49.4265
153.286
13.2492
60.796
71.5456
54.8089
8.49686
53.9892
35.791
40.2821
53.2334
37.0021
53.2307
1.96217
15.0167
40.7537
32.2854
52.9182
88.5325
1.83185
63.4406
42.5142
8.77994
61.4929
166.199
14.3711
79.3313
112.718
59.4309
37.8874
68.6238
79.3369
24.8442
5.48297
67.8027
51.6488
23.1497
31.0113
26.6918
25.1336
22.1267
24.2371
2.76685
13.0876
150.625
45.7016
112.317
38.2712
67.8434
71.3293
73.19
129.833
46.7719
74.9561
31.4323
73.8278
19.1295
68.0742
19.4405
24.6889
10.5751
45.0637
25.2122
58.9196
9.12635
20.8894
58.9973
51.4657
44.1693
26.6147
25.4266
49.9783
13.4091
33.4006
34.5582
167.514
23.9708
64.1618
99.417
36.3751
115.417
36.0629
52.2048
25.2497
12.6376
53.4127
55.8166
105.699
21.0366
43.4387
29.1962
64.7503
0.365612
100.793
16.1238
8.18121
8.2296
75.1636
70.46
5.19207
7.2998
29.538
21.2765
83.5614
13.9585
39.2716
36.2058
16.6567
15.5475
38.8685
70.0651
80.1335
22.4742
27.8772
10.9701
45.9806
82.216
33.9939
35.1754
64.4365
35.5802
102.957
7.47461
32.2884
4.46959
106.242
49.2313
76.0716
26.1583
9.72729
87.0268
80.9136
56.8246
94.0573
21.1221
38.7175
90.3345
91.8942
25.414
61.0683
129.743
17.3574
26.1736
80.3246
7.5085
30.2444
87.9163
21.112
58.3464
19.1212
106.965
106.621
52.0863
51.871
30.2853
65.3751
39.5911
82.5712
60.0334
32.5366
3.85819
90.0182
23.344
57.0271
104.85
37.7285
27.0814
24.4597
34.0617
46.8063
20.0939
65.0857
62.3944
65.9945
50.2928
78.6263
31.2238
38.0046
47.6035
5.64098
44.0242
23.7568
4.77024
45.5586
89.794
53.366
0.0739486
47.5882
30.1768
42.583
25.3063
18.8975
51.4386
29.057
57.9321
36.7615
22.6776
18.2991
41.0537
110.698
48.6118
74.4525
77.0157
58.2516
55.7634
44.179
18.0822
49.5482
47.1306
5.48164
104.962
33.2552
78.6838
53.2484
26.3755
85.0255
28.3938
121.574
10.0343
52.3109
1.61505
50.8891
91.1911
18.0166
22.7602
113.759
45.2086
45.9919
7.80064
124.166
57.3452
155.765
122.425
54.0691
142.892
23.2958
23.1169
68.4025
54.4426
94.3787
12.2236
60.7608
55.8718
77.4028
41.7508
8.48977
52.3906
3.84269
35.8847
33.4726
67.7823
59.1279
11.7838
36.2183
72.9472
34.5249
3.97477
35.0861
111.097
61.896
98.1764
95.0271
34.5911
31.8162
40.1488
77.4817
19.5948
15.6433
78.5689
90.3055
71.5422
55.0145
43.328
9.66065
19.0216
26.8215
51.6146
32.6309
54.6281
44.079
62.6511
15.4632
31.1376
14.2622
64.2591
2.60185
64.8675
40.1961
34.4531
39.769
20.9942
33.9771
63.9324
71.4293
23.369
64.3067
32.1546
10.8153
56.5581
196.574
12.1107
8.63845
51.0153
2.65325
1.24306
11.0328
57.5788
18.9528
135.352
34.4176
75.9884
5.90275
74.4138
10.9642
26.6218
11.9469
23.6643
11.3704
21.5673
89.9685
33.2398
81.0019
49.7654
16.379
4.77403
45.2576
83.7773
71.7269
27.1475
96.9027
89.5923
12.645
108.98
100.928
5.94842
20.0039
31.5346
25.0489
69.0617
101.64
91.757
14.2745
46.8787
12.999
3.17225
105.747
31.4521
53.9078
49.1183
77.7815
46.7232
61.4329
55.1348
9.55513
33.7618
7.18031
16.7026
20.369
30.7038
24.0009
61.0867
16.6588
41.4588
88.9958
82.9388
56.3746
12.3084
13.6077
36.5788
248.218
MET does not have solution even after MET smearing.
The solution is returned as if Delta was zero ...
17.9509
70.1614
74.6242
74.3749
81.5408
40.6387
3.07004
30.8009
77.3176
75.773
74.8587
2.05216
78.9288
23.1116
128.839
55.9049
151.267
57.8283
43.8533
76.1288
26.8952
41.8348
12.8631
2.82656
11.1151
63.0032
19.8522
47.7145
66.4035
27.5538
13.581
3.31885
34.9224
84.3418
17.3626
23.7334
35.1172
43.4995
76.1625
55.4564
25.0384
93.9055
7.76595
75.5188
114.159
49.6187
81.7025
107.116
117.42
47.5959
12.1474
31.5272
145.585
63.4974
38.6297
41.1548
0.606805
1.05211
30.6482
35.2766
64.795
12.3466
13.3807
6.30913
37.9815
32.617
46.5666
90.576
6.67304
98.94
45.4052
68.9761
0.170719
40.6013
25.1596
44.6021
45.699
42.3916
0.838601
8.8282
48.4236
106.826
55.1954
106.609
24.1078
49.7819
83.672
57.9614
30.5827
9.41531
39.8158
63.7836
41.1675
40.4102
41.8423
50.4161
48.1696
10.0572
44.6973
12.1932
41.8932
12.51
66.0257
40.7183
100.547
56.8345
67.6611
93.4792
85.3183
8.7855
20.6014
55.3524
29.7246
72.7903
23.9377
54.7235
38.0291
19.6226
73.6065
70.6037
25.5893
53.6413
37.8333
1.04942
15.3051
16.0743
10.3764
84.9271
56.8856
5.39068
0.62843
5.333
73.5506
115.523
18.81
4.07474
96.1367
24.9911
126.453
105.584
31.5031
79.2763
112.738
76.4336
58.7939
34.8507
23.0148
40.7783
55.3547
116.38
17.4151
39.9262
63.5714
40.3834
11.4195
3.10828
81.3465
18.0395
25.9621
53.8352
87.8165
30.2234
8.16834
53.1607
83.4651
19.5071
49.4316
103.017
14.73
40.8148
70.8868
38.0939
60.5727
32.3887
1.04018
49.7339
88.4681
65.2263
17.1328
46.8103
10.566
53.3717
148.335
MET does not have solution even after mW smearing.
The solution is returned as if Delta was zero ...
MET does not have solution even after MET smearing.
The solution is returned as if Delta was zero ...
47.2638
23.5253
5.38767
86.6741
53.1625
36.0163
43.6246
74.1035
66.5691
10.7603
53.4575
36.45
57.8363
48.6574
20.4613
48.2638
72.1542
31.4902
25.1029
7.03342
52.954
57.8767
69.9868
38.3154
36.2154
3.00167
115.383
7.00107
67.0601
25.3881
71.9452
19.4715
28.8086
28.4484
83.9792
67.7688
57.9812
41.655
53.5955
114.114
32.2017
6.83668
3.25711
37.3217
35.1082
28.3284
34.8486
66.0998
52.7295
18.1846
68.6264
9.60791
118.306
53.8258
56.6167
78.1114
52.7348
45.9522
94.6525
17.4129
85.0267
50.0339
67.7446
44.8629
118.17
34.2251
84.5734
14.1191
82.9302
40.87
36.1169
20.8225
26.4589
69.5078
76.3508
105.668
66.6844
5.77915
before closing file input /home/nadjieh/work/samples/postMoriond/May2013/ZJets.root
before endjob
