**************************
SYSTEMATIC SITUATION: 
**************************
METUP SYST
**************************
file number 1: ~/work/samples/postMoriond/May2013/ZJets.root
I am in tree = 0
inDirect
treeName: ZJets_2J_1T_UnclusteredMETUp
ZJets_2J_1T_UnclusteredMETUp	0x2ffba20
0x2ffba20 tree afterward
ZJets_2J_1T_UnclusteredMETUp
1710
33.3769
24.4837
10.2236
14.1077
65.6451
23.9629
8.82323
69.9693
3.50882
21.1342
27.6263
29.8753
70.0881
77.1866
49.2074
37.2783
21.4557
44.6032
4.2663
47.1111
73.4507
11.8561
47.5753
33.4497
74.78
79.3241
20.6548
31.7653
70.8118
8.58461
65.333
91.859
22.1554
7.82044
33.2267
15.9344
34.1539
74.65
0.053527
64.2428
57.9156
14.3392
49.0804
14.853
52.9927
134.329
4.04209
45.7422
22.2159
21.545
55.6251
65.0924
52.9459
32.1881
19.7018
13.7579
47.6166
13.9062
32.0805
9.57378
36.0146
29.7023
1.94924
18.3218
13.3849
25.3341
16.9305
20.8801
120.492
38.3632
47.5281
56.9498
72.7352
78.3222
107.057
15.5913
46.4669
7.15005
44.7356
2.49767
83.8674
25.1762
10.7908
68.9016
124.379
37.0601
13.411
13.962
58.9119
31.9663
26.0236
16.6697
56.1801
82.9626
156.064
8.42154
13.1439
99.0763
38.7228
108.842
1.16603
35.5272
54.153
13.4072
23.9352
18.6623
10.8063
33.5183
53.1589
66.3196
120.715
16.5365
86.6331
16.2775
89.5038
5.92881
73.6301
78.4958
43.9396
5.14743
42.0773
80.9668
35.5183
48.8622
0.456811
27.2204
67.8478
1.59429
23.117
26.7197
8.31095
31.8777
0.629879
58.1181
54.2754
9.86316
91.3103
67.8149
19.8778
46.6522
82.6079
19.7844
12.5681
37.1364
33.078
66.8795
85.753
5.12335
31.1182
58.4239
22.6929
12.1363
62.0354
70.3685
30.2902
26.8925
25.5631
63.4106
9.18209
53.4321
1.07489
32.6196
10.9781
9.67822
114.223
45.4727
47.1701
75.7568
79.7584
50.9797
36.8429
29.223
27.1414
70.1713
40.0598
27.5223
47.802
8.35975
9.25346
99.6667
22.8462
27.7402
47.1344
16.1446
36.1486
59.0322
23.1253
102.461
88.5077
12.4756
13.7201
21.2558
75.8458
60.0498
49.7586
105.826
53.3855
3.17924
57.2303
47.6362
17.231
70.8865
65.8611
29.5585
53.0903
54.9278
52.8733
85.3767
53.3313
17.5775
36.0864
21.2083
22.1736
6.44622
126.696
1.05958
115.287
88.2103
19.3128
56.5749
63.5157
59.83
9.99815
23.7652
30.9132
10.2104
72.7023
89.6989
57.0828
2.80885
6.81082
5.65025
26.238
57.4303
64.0313
47.9128
83.1072
26.8867
60.287
92.8967
13.0445
55.1499
34.1266
35.3715
14.1214
6.13133
42.605
66.8822
16.3704
74.1139
15.9268
4.40441
39.2794
25.5988
42.0939
4.42413
42.3239
48.1797
65.161
125.633
17.4252
55.7586
10.8338
37.4848
94.8716
63.2202
29.9868
10.7603
52.4901
67.7501
64.7476
81.1746
39.7352
17.9653
10.1856
35.3491
69.001
72.8908
32.7028
27.8383
17.453
45.2678
76.8621
103.055
28.7222
89.7916
4.92504
51.012
59.8071
42.7282
89.4478
29.9542
24.3797
22.6586
47.1702
31.2266
1.66866
1.21825
39.0908
45.6647
31.1709
69.1949
28.4706
43.3595
58.9025
26.406
63.2401
58.5538
25.1942
14.0878
8.0969
53.5552
2.99446
41.1696
42.8755
95.4749
82.7689
38.233
37.3547
11.1283
90.871
7.62216
52.3664
137.446
105.939
20.281
61.9034
13.023
52.016
22.8536
69.0055
7.01418
5.83316
4.45093
31.649
59.7467
123.949
116.295
27.9439
9.21818
45.6598
74.7513
18.0251
74.6564
16.5692
8.87254
66.1673
51.607
28.5009
9.65283
69.8506
120.052
88.9322
32.7366
95.792
5.59023
46.4977
17.72
44.7886
39.0211
36.6778
64.9481
61.5426
104.877
70.5846
108.134
46.5334
108.955
87.5733
64.0217
2.53618
87.7093
61.46
69.7303
18.6446
39.38
45.9843
5.67298
70.5194
124.671
37.7337
100.902
41.9396
55.6439
92.6916
1.55071
71.4289
16.1225
73.8341
67.1306
4.06471
2.37059
63.3568
62.5761
12.9103
33.3769
24.4837
10.2236
14.1077
65.6451
23.9629
8.82323
69.9693
3.50882
21.1342
27.6263
29.8753
70.0881
77.1866
49.2074
37.2783
21.4557
44.6032
4.2663
47.1111
73.4507
11.8561
47.5753
33.4497
74.78
79.3241
20.6548
31.7653
70.8118
8.58461
65.333
91.859
22.1554
7.82044
33.2267
15.9344
34.1539
74.65
0.053527
64.2428
57.9156
14.3392
49.0804
14.853
52.9927
134.329
4.04209
45.7422
22.2159
21.545
55.6251
65.0924
52.9459
32.1881
19.7018
13.7579
47.6166
13.9062
32.0805
9.57378
36.0146
29.7023
1.94924
18.3218
13.3849
25.3341
16.9305
20.8801
120.492
38.3632
47.5281
56.9498
72.7352
78.3222
107.057
15.5913
46.4669
7.15005
44.7356
2.49767
83.8674
25.1762
10.7908
68.9016
124.379
37.0601
13.411
13.962
58.9119
31.9663
26.0236
16.6697
56.1801
82.9626
156.064
MET does not have solution even after MET smearing.
The solution is returned as if Delta was zero ...
8.42154
13.1439
99.0763
38.7228
108.842
1.16603
35.5272
54.153
13.4072
23.9352
18.6623
10.8063
33.5183
53.1589
66.3196
120.715
16.5365
86.6331
16.2775
89.5038
5.92881
73.6301
78.4958
43.9396
5.14743
42.0773
80.9668
35.5183
48.8622
0.456811
27.2204
67.8478
1.59429
23.117
26.7197
8.31095
31.8777
0.629879
58.1181
54.2754
9.86316
91.3103
67.8149
19.8778
46.6522
82.6079
19.7844
12.5681
37.1364
33.078
66.8795
85.753
5.12335
31.1182
58.4239
22.6929
12.1363
62.0354
70.3685
30.2902
26.8925
25.5631
63.4106
9.18209
53.4321
1.07489
32.6196
10.9781
9.67822
114.223
45.4727
47.1701
75.7568
79.7584
50.9797
36.8429
29.223
27.1414
70.1713
40.0598
27.5223
47.802
8.35975
9.25346
99.6667
22.8462
27.7402
47.1344
16.1446
36.1486
59.0322
23.1253
102.461
88.5077
12.4756
13.7201
21.2558
75.8458
60.0498
49.7586
105.826
53.3855
3.17924
57.2303
47.6362
17.231
70.8865
65.8611
29.5585
53.0903
94.7923
68.3383
21.262
15.7026
81.4409
47.042
68.6603
51.9304
70.0858
20.0024
8.11583
74.332
2.23686
116.933
48.9834
65.4665
20.8663
67.8032
16.7315
29.0697
46.0626
47.8579
49.2677
50.9892
15.7894
192.356
MET does not have solution even after MET smearing.
The solution is returned as if Delta was zero ...
47.0595
23.782
59.6364
48.4195
106.329
73.1748
36.4193
75.8611
102.504
100.374
43.9785
56.0985
49.7787
34.5263
67.9947
7.70642
110.286
56.4597
81.1203
16.6265
11.4384
75.9317
23.2493
130.762
MET does not have solution even after MET smearing.
The solution is returned as if Delta was zero ...
32.3649
38.3407
76.258
11.3312
85.1892
74.8635
24.3684
83.7231
35.9789
77.5472
14.6285
79.8897
99.8653
54.9513
8.53607
16.2302
57.1166
12.5103
104.494
57.5487
165.172
MET does not have solution even after MET smearing.
The solution is returned as if Delta was zero ...
37.0143
83.1667
10.9014
16.8628
10.8917
45.6865
41.2145
58.685
45.3231
50.7942
3.45523
40.5996
96.5089
4.74774
61.5838
99.9274
11.3445
38.0286
42.9971
29.3837
31.2271
27.0585
41.3532
83.6119
45.4353
2.94943
61.5961
69.0995
6.68021
10.6186
72.736
43.6058
57.9606
14.7448
84.0368
61.0882
53.8866
6.61828
28.0714
44.2361
58.0354
67.4728
37.7335
21.6155
25.9907
13.8171
25.8814
27.8199
2.85367
3.18249
85.1517
49.0283
0.298429
13.4322
46.8354
98.7439
14.8759
84.6452
24.445
30.8959
11.9062
53.4031
12.5402
18.4873
70.6741
71.2285
98.3999
6.39164
41.9792
32.4344
54.9491
21.0542
82.8925
22.1048
47.4226
73.3601
13.1126
38.123
66.1504
84.8806
80.1623
43.793
71.9315
16.2837
51.3336
53.8752
43.9213
45.4086
22.469
76.9251
106.229
18.0278
119.054
103.58
25.3619
23.0119
1.66006
56.112
0.4367
55.4028
67.8195
12.6614
24.6518
125.199
39.5634
65.2939
122.55
31.8655
69.5427
17.7499
38.7961
28.8546
10.844
90.5433
2.50276
23.9445
37.0811
47.9508
55.1144
122.825
22.6586
1.45568
98.5141
11.7472
47.8022
5.45839
66.3192
2.53214
96.5805
14.9418
24.9791
63.03
70.0827
97.2898
25.2521
69.6044
9.08253
20.4474
60.4551
60.5255
31.3411
49.6641
2.7984
20.2493
48.5378
2.94395
50.4048
132.057
17.4329
28.8133
49.3737
24.483
38.5626
23.0782
36.227
83.1417
102.896
14.1709
23.0911
54.7581
120.637
60.0548
39.5331
25.8983
54.4647
73.8469
53.3951
94.3679
4.82742
38.6388
50.0203
26.6475
14.9903
38.2134
94.5066
70.6521
65.3124
47.8697
0.737572
20.5689
10.0647
8.42477
65.4175
37.126
51.043
43.6769
4.08301
70.2428
132.725
37.8471
40.2346
30.1346
22.3802
38.8151
107.777
21.0044
80.1737
48.8204
27.5424
60.3861
93.3562
110.272
45.2773
51.9789
42.2202
129.4
62.1248
15.3814
17.121
103.717
8.89535
1.0635
39.3189
52.954
45.2974
65.3035
43.7526
31.9
88.6283
19.7825
11.0419
64.4526
77.7199
69.4035
8.33982
6.93603
15.5474
52.3626
130.373
76.941
14.0037
65.8084
35.3626
76.6878
69.6803
65.1801
70.8954
10.3826
39.5253
91.4685
87.0777
44.0048
7.98235
77.7178
58.1016
86.2517
34.0782
14.8238
41.6106
0.0734994
9.5565
50.0427
60.8517
50.7034
102.7
32.7939
62.2782
7.96254
60.9373
10.6408
36.4105
10.2423
49.4238
22.8876
53.5768
97.6578
46.7809
112.13
35.6222
44.6202
129.517
MET does not have solution even after MET smearing.
The solution is returned as if Delta was zero ...
46.6627
7.84813
30.544
3.19077
26.8405
20.4825
14.9673
59.754
26.5291
18.2832
45.5732
58.8487
20.617
17.684
57.9467
63.7461
78.6162
89.7705
81.3197
24.5305
57.6818
13.1078
57.548
49.7347
3.3099
14.8767
28.567
80.9329
130.929
57.8786
36.281
44.3889
61.7083
5.15467
40.6864
36.6748
27.1832
36.5313
56.4018
60.3062
28.3794
66.2687
94.8769
25.3376
6.67642
43.8169
28.6628
54.2375
114.113
65.115
131.928
43.6722
82.8095
35.267
68.9962
56.3945
47.3969
31.316
36.6727
37.9511
61.8532
52.0534
46.369
26.3744
27.7346
147.985
101.951
92.7501
57.4404
56.404
47.9388
192.944
54.6471
25.2055
48.9875
56.7147
32.4792
77.3
105.289
32.0923
9.84575
43.2615
22.6074
41.9061
36.5074
75.0992
105.533
13.792
13.0506
19.1687
17.4695
16.065
70.1397
67.6606
28.7356
30.8653
2.62062
26.9796
37.6496
34.0983
34.3432
90.5874
0.641403
80.7601
33.5284
26.4235
23.1584
31.2439
49.0551
17.7868
9.55986
61.7512
35.2262
16.608
45.8134
46.4393
84.7379
63.781
75.5848
17.5526
29.9174
23.7678
83.5477
62.9204
75.7371
41.1567
48.0823
8.90978
98.3278
95.6058
31.3881
108.897
90.705
79.1449
118.228
11.6395
97.2172
8.1727
39.611
31.5142
78.2408
80.8467
87.9778
85.2349
17.3437
41.2664
73.8915
22.8048
78.9444
52.8801
61.2332
58.0807
96.3369
51.2256
26.7964
41.6937
62.2895
24.5209
46.344
18.1128
52.0068
19.262
112.971
17.2804
6.30023
51.4826
149.084
8.07185
59.3118
66.3208
48.0747
8.42586
51.534
33.5771
36.0929
50.3313
35.0634
57.8089
2.04967
15.3414
40.1771
33.7554
52.3909
82.2759
1.91131
58.4918
46.8727
7.08111
57.4013
173.93
15.6114
78.1116
107.299
60.5432
36.9459
72.3389
78.3469
23.0456
2.63751
61.0608
43.3636
25.1341
30.2745
42.1184
24.7776
23.9034
2.60357
10.9054
162.939
26.1091
110.967
37.2067
67.6486
66.1138
68.257
127.705
67.7319
27.6172
72.1312
17.0812
68.3638
18.942
23.736
14.3699
38.2245
26.4573
59.5804
8.34122
21.62
59.5484
46.4936
49.6787
27.5905
13.2809
33.5599
34.8339
167.067
42.8198
71.2319
95.1232
33.3243
115.71
36.5643
51.4239
23.9317
18.861
12.5673
50.2723
51.9421
105.919
22.3742
21.4953
42.6042
31.2931
67.0782
0.381311
119.286
14.9653
8.68064
9.21939
73.3157
80.2781
3.98687
6.92883
32.7522
20.7376
81.8815
13.6342
42.4382
35.6068
15.8094
14.3401
40.5412
75.1769
23.9503
26.1356
10.9433
46.4516
75.4103
32.1391
36.8203
60.811
23.4211
102.825
7.2843
35.403
3.79584
104.501
46.6907
60.254
22.9899
8.52694
81.7033
75.9114
60.0123
98.304
19.3172
44.4604
29.8132
89.8242
26.5332
57.6482
129.474
37.986
25.14
77.8546
8.56098
89.0184
17.0354
49.6008
21.0287
103.678
101.539
59.4678
54.1463
29.0818
63.9991
37.7829
81.7554
59.1021
20.5746
3.05539
91.7874
23.7189
56.7087
103.306
27.9807
27.9447
31.4058
20.1356
68.2735
59.6454
58.5251
48.5349
75.6355
31.6615
46.3344
4.81277
54.9854
23.3942
4.57124
44.9528
85.523
54.5285
46.5062
28.5127
40.5106
25.98
15.4262
39.5073
27.4663
62.3617
52.6824
21.9115
16.4529
41.793
105.57
44.4155
70.6571
75.478
59.1065
54.5692
43.9813
17.5536
49.5487
46.7891
4.16287
112.308
33.2751
77.5962
58.9433
25.9052
96.3656
29.0716
114.449
10.052
49.3236
1.62416
49.0448
80.1725
16.6865
22.7577
117.857
46.5437
37.2783
7.67454
120.267
54.4396
155.285
120.152
48.2579
139.861
22.1329
64.8229
51.6178
94.3615
10.1421
57.078
55.0214
75.4793
39.2407
7.96481
55.0991
3.42074
29.4534
32.683
54.9054
11.6912
31.9951
68.669
35.7837
3.3891
32.0055
113.145
55.9637
99.6848
86.1427
43.5255
34.3011
35.3428
78.8944
18.7432
14.0341
78.0358
85.6375
64.546
55.8695
41.1375
9.69735
18.572
20.8936
52.8184
32.7474
63.3319
39.1258
59.1468
12.7002
26.4077
13.2316
62.6176
63.6799
44.3964
40.6683
37.8569
18.8512
28.5018
62.7818
24.036
54.8547
29.1419
51.3109
178.514
11.9994
58.3568
9.76517
50.197
4.05321
1.08666
21.2002
57.988
18.41
132.635
33.194
84.4857
5.62461
69.9633
11.8506
34.419
12.1207
29.8972
11.6694
88.3081
24.842
83.4388
40.2076
17.1886
42.3723
82.7227
108.423
30.9301
97.7516
88.5042
12.1161
100.12
97.2533
4.82805
19.2293
23.9289
21.018
72.3651
103.044
96.7176
14.6029
12.8401
3.02872
98.8893
55.2157
52.7937
76.1915
46.9018
61.3207
51.5529
9.91899
31.588
6.93699
16.6545
123.935
22.565
32.9883
23.2643
63.1372
14.9738
40.5153
86.744
80.2625
52.3356
9.33578
12.6469
39.0194
258.238
MET does not have solution even after MET smearing.
The solution is returned as if Delta was zero ...
17.2064
76.91
72.6786
76.738
80.3408
37.2954
3.16231
38.3333
70.0843
72.9955
73.6559
2.05448
22.6105
124.036
52.5286
45.6958
148.401
57.7834
39.8419
74.9239
26.3449
44.529
12.7237
2.18737
11.1369
61.6316
20.5323
34.7142
67.9313
19.099
28.2332
15.8768
3.74511
38.4676
84.8142
22.4315
38.0682
31.837
70.3206
94.4133
7.60661
63.1656
116.489
48.2486
79.9071
100.951
114.628
48.3675
9.85169
33.8555
140.391
70.637
34.5551
37.8392
0.58002
0.945377
32.5483
33.7453
63.439
13.5091
13.029
5.41889
39.3543
38.3968
40.1319
87.9805
6.74399
95.1562
46.5329
69.1518
0.16555
42.3574
24.7617
37.5401
48.7273
38.1126
0.895762
8.58369
40.2522
98.4742
45.5313
108.013
45.6765
49.8683
82.0386
58.128
45.0534
9.06427
36.1486
45.8812
40.8402
40.6764
29.9183
41.4617
35.1673
10.139
44.0608
22.5839
33.0122
12.0443
70.0537
42.435
96.5092
68.6702
68.2699
84.7247
8.54339
17.547
60.1492
27.4269
25.6285
48.8155
36.6094
27.0013
74.2699
73.0525
53.2431
28.9229
1.00241
12.9555
13.5897
9.99955
88.1203
58.1907
0.859385
3.729
65.4766
108.426
16.6984
3.81031
92.4061
24.1829
120.833
99.7026
30.5065
63.4169
100.572
81.7449
66.2581
33.518
22.1888
34.378
43.9245
17.5502
38.9541
59.4803
30.8423
57.6665
11.4259
2.96038
74.3828
17.463
24.3124
58.8795
72.8266
88.9781
28.5972
7.4733
49.8541
78.943
45.1145
18.4083
16.5533
64.3222
45.0935
57.88
1.0285
44.911
87.7776
66.0098
41.9388
43.6571
10.5035
62.1264
148.681
MET does not have solution even after MET smearing.
The solution is returned as if Delta was zero ...
45.6324
23.4314
4.68876
51.2409
34.4276
42.8147
69.0635
11.1655
51.3121
31.4584
55.9456
42.4483
13.9341
46.9496
69.686
27.5462
23.2527
6.84165
53.3918
44.1493
52.5963
35.1842
2.7053
5.21699
64.1395
24.2716
65.7368
15.6244
30.4004
28.9565
75.172
69.8196
53.4861
43.4021
59.8956
82.4498
32.4919
6.41187
3.02186
38.686
24.1261
23.8548
43.5664
65.4498
50.4826
13.8116
65.1407
9.02007
116.684
45.6182
49.0723
76.2339
52.7455
86.8868
10.2843
82.242
47.5552
62.8975
46.8368
112.568
28.5803
84.76
14.1247
87.6985
45.712
35.8666
22.027
26.8694
65.732
70.4225
100.228
60.1547
5.1712
before closing file input /home/nadjieh/work/samples/postMoriond/May2013/ZJets.root
before endjob
