**************************
SYSTEMATIC SITUATION: 
**************************
METUP SYST
**************************
file number 1: ~/work/samples/postMoriond/May2013/ZZ.root
I am in tree = 0
inDirect
treeName: ZZ_2J_1T_UnclusteredMETUp
ZZ_2J_1T_UnclusteredMETUp	0x26dd440
0x26dd440 tree afterward
ZZ_2J_1T_UnclusteredMETUp
3614
74.922
14.5295
46.3871
47.1752
34.1124
74.3007
44.3455
61.5879
60.2178
72.1348
134.61
41.4277
49.3736
26.8522
85.7188
75.7537
91.4387
25.5201
37.6403
31.184
23.9211
78.7392
81.6718
51.1027
4.28484
145.482
MET does not have solution even after MET smearing.
The solution is returned as if Delta was zero ...
75.9476
76.6972
3.9923
1.14555
59.686
32.1638
10.372
49.4748
51.5965
13.179
5.91748
45.8323
3.13408
46.5246
53.7151
44.4624
85.7766
57.1788
28.6754
40.204
83.8549
15.8254
24.0062
44.0294
27.1559
9.81659
38.675
72.1003
132.58
66.5434
40.0621
52.5314
46.3113
74.0632
75.3581
13.4409
51.4561
6.40586
1.2525
60.6132
49.5886
77.5843
5.95672
27.5977
79.2757
47.4429
16.5888
57.563
50.3427
45.182
23.3744
84.2317
15.1927
51.1395
48.4258
24.0552
36.4891
108.621
29.8896
31.5594
37.2475
93.1988
57.27
54.7273
78.9777
35.3683
69.1123
42.5038
34.1511
2.46864
60.3435
13.5971
51.9915
23.3486
125.443
18.423
46.545
10.4555
92.6764
61.9236
69.7115
95.8188
8.47132
52.2592
17.1224
105.233
19.9801
47.2137
7.03863
46.657
42.5564
43.5352
73.2141
1.35091
23.2554
5.41105
42.8535
77.8329
189.689
51.0275
34.2321
32.2388
119.934
8.7564
39.7329
52.6713
123.837
20.013
60.5764
67.8386
76.0229
34.7742
45.122
21.7578
32.371
82.7933
114.931
40.0897
41.5741
36.3041
143.369
MET does not have solution even after MET smearing.
The solution is returned as if Delta was zero ...
69.3627
59.3928
81.4532
79.0472
54.5885
48.0337
45.9826
31.9112
78.7315
13.4065
28.3803
51.8641
26.4537
24.0147
83.0192
57.3894
38.0155
67.647
116.537
71.0726
101.991
53.152
34.6489
46.0389
4.54222
94.5391
23.3911
70.4921
28.4345
23.2659
30.7022
20.025
57.9769
1.88045
26.8277
9.39744
14.1225
14.5564
15.2412
23.6248
51.118
124.581
63.3161
34.1649
50.5943
39.2822
22.4623
7.15445
65.9779
10.1979
60.9359
52.9251
27.8728
60.7209
61.4539
48.9254
26.908
75.9127
0.21998
12.351
56.9228
29.0261
125.943
14.0456
50.4658
24.1333
62.668
103.324
108.543
15.6397
4.74044
137.721
52.5594
90.8725
38.5757
68.3662
32.0774
10.5839
36.4094
33.0637
49.649
1.30335
43.7433
62.0607
100.853
101.672
10.6329
38.0517
0.64557
53.1768
13.2077
0.131396
36.357
40.9913
73.1744
72.3474
64.6879
31.7522
200.151
MET does not have solution even after MET smearing.
The solution is returned as if Delta was zero ...
27.2564
9.10278
22.6827
6.04904
25.941
85.3713
53.1807
131.896
84.7684
67.8021
60.6506
29.0351
7.93904
103.822
62.1332
28.3056
46.3567
61.5879
16.7897
75.0361
34.2471
49.5856
44.4535
54.4332
46.7487
39.0957
2.66474
24.7619
39.1821
91.4542
264.397
MET does not have solution even after MET smearing.
The solution is returned as if Delta was zero ...
32.7644
55.3008
26.1094
50.255
116.237
57.4261
2.43902
27.7233
17.622
8.08161
5.9597
68.0979
49.6472
98.4023
9.46444
78.6061
34.248
3.30157
16.5991
3.33566
95.8156
6.82342
26.306
103.404
31.5879
54.2505
26.2842
55.1056
37.1694
109.557
8.95509
30.1753
10.233
29.5083
54.1801
54.786
54.3167
31.7813
29.0412
38.9959
28.7587
17.5417
55.1787
49.8358
46.5848
57.68
81.935
191.572
MET does not have solution even after MET smearing.
The solution is returned as if Delta was zero ...
14.6146
62.5299
48.8101
41.5692
64.7659
2.72757
36.3573
52.7339
69.5551
10.1663
46.9854
54.4601
34.9643
2.99427
28.3291
145.051
58.2568
31.843
0.142814
6.25843
62.0152
117.919
177.165
MET does not have solution even after MET smearing.
The solution is returned as if Delta was zero ...
26.7846
32.9208
1.86483
73.7682
46.0307
140.836
MET does not have solution even after MET smearing.
The solution is returned as if Delta was zero ...
41.5025
58.3661
43.9747
25.8814
12.9429
158.42
MET does not have solution even after MET smearing.
The solution is returned as if Delta was zero ...
3.64821
41.1124
60.5561
1.06451
64.3784
33.5126
16.358
75.7615
18.1925
35.4621
11.1411
38.9364
18.3553
29.6246
63.4823
85.5551
84.3565
68.8869
8.25891
85.6759
94.9886
63.0171
115.907
82.213
1.69551
68.5785
23.379
40.4443
93.0071
20.6848
31.822
46.6837
64.4038
82.9658
67.5411
60.3361
0.789337
68.0014
25.301
22.5565
161.823
81.225
35.3105
31.1899
17.0126
82.3759
8.45188
29.9792
76.6172
7.54695
10.9475
56.6842
20.6649
56.2287
14.7622
88.0402
28.4549
27.7849
76.4391
61.8705
58.9044
52.1643
23.4364
87.993
42.8083
7.24575
9.8701
46.3852
40.9077
16.221
45.0498
124.138
22.4965
8.11783
36.5435
82.7591
62.9933
7.06417
34.402
67.0343
76.8976
193.714
MET does not have solution even after MET smearing.
The solution is returned as if Delta was zero ...
32.0761
76.7421
19.7825
72.1011
94.9548
117.908
32.3527
66.9383
21.0251
55.5609
31.2072
54.0334
36.7107
42.7455
20.4521
18.5463
122.746
21.1888
78.624
36.5613
20.0034
16.1331
48.0738
45.7327
47.5089
59.7654
53.3411
41.3442
7.02464
75.1034
43.16
36.2186
46.4208
85.0623
14.9346
65.6251
56.1595
20.6627
63.0033
34.7046
27.6805
31.8978
48.7268
8.39234
35.9063
14.0941
84.9786
89.7335
53.0021
24.3349
153.697
16.5549
65.6805
8.53428
22.0954
48.2989
58.4478
18.6383
16.8725
1.29894
29.3537
48.5571
14.3907
32.3295
75.9489
22.4989
10.3004
112.889
106.643
36.5106
63.6207
16.0215
20.3001
108.444
90.4632
56.3357
99.3021
47.0497
29.9088
111.157
46.2328
58.2892
56.8153
26.0172
31.6049
45.7359
4.28737
71.2274
210.84
25.3901
2.84492
78.1129
3.84834
30.9706
58.8097
22.2935
8.18214
18.6192
20.3989
80.2289
8.98498
56.8877
0.86558
76.4062
70.8463
8.40777
87.1948
63.9042
46.4028
95.5046
92.6277
112.126
8.52308
20.8151
57.4803
0.894378
107.296
25.1787
40.2904
12.8819
88.1832
52.1927
76.8742
26.9961
67.0384
92.9854
6.77868
125.936
83.3702
122.513
44.7456
33.7348
8.11508
82.6289
14.9839
8.85263
79.7246
21.4594
115.377
13.0738
56.5794
19.2188
23.8996
54.0764
0.976322
80.3495
3.28418
164.884
MET does not have solution even after MET smearing.
The solution is returned as if Delta was zero ...
31.0651
3.18846
2.30108
55.8558
1.36944
17.3105
60.9868
162.145
MET does not have solution even after MET smearing.
The solution is returned as if Delta was zero ...
22.4113
40.5092
97.8821
86.8752
9.51284
45.7946
85.248
8.1771
40.6382
89.2265
12.1949
28.6739
98.175
29.512
13.3826
17.5167
31.5493
68.1286
42.7871
58.6863
38.9277
261.401
MET does not have solution even after MET smearing.
The solution is returned as if Delta was zero ...
80.7577
68.9781
35.4472
33.5191
40.6139
4.9025
94.2978
17.6661
0.130705
63.6943
75.5265
9.35433
20.1753
60.8007
66.7051
49.7047
49.1637
45.8013
36.6327
4.68561
56.0056
11.8087
80.3434
5.47749
5.33089
42.3184
6.24154
17.2781
62.116
106.046
1.09986
47.2175
41.541
64.8321
39.8319
45.1075
22.0458
34.874
78.1864
47.0069
8.89138
38.9762
12.8851
18.0975
81.5919
79.1193
34.1841
21.6583
64.4291
25.2442
39.2341
73.365
23.6831
73.0984
2.17346
47.6786
55.1194
52.5743
62.9674
8.12392
37.7989
14.8659
12.0777
31.1368
104.817
16.154
44.423
37.3993
65.565
272.648
MET does not have solution even after MET smearing.
The solution is returned as if Delta was zero ...
55.9716
16.7493
60.6798
17.4662
60.0288
11.7334
63.5959
36.095
19.7174
53.3919
0.349015
85.1891
111.54
44.4221
34.8372
33.2463
33.1801
88.3695
5.91727
53.5813
38.7814
115.409
46.8647
7.19154
7.07813
45.7597
29.6994
44.2879
44.1415
56.5035
29.9357
16.8119
27.7303
73.877
28.0748
130.882
49.8302
14.6338
12.9429
13.9462
57.328
96.5923
55.2183
15.7885
64.6078
15.3994
20.9273
43.0981
49.35
10.3275
82.0129
88.6694
81.7247
26.9693
28.7692
36.3454
1.64844
173.118
26.9848
40.8803
55.7739
56.1169
23.4863
48.3852
61.7115
49.7595
56.9448
14.4862
131.392
54.6196
84.5204
4.62403
49.5446
59.8932
62.5741
75.709
26.2902
18.7978
49.5294
23.8654
14.5023
76.4263
10.4356
8.204
26.6913
33.2672
102.865
24.4647
39.1148
3.07124
32.973
58.9198
0.325024
11.5898
53.0517
51.054
34.6389
21.9611
115.681
48.0091
41.1151
10.0042
18.0717
50.612
67.7911
9.49613
63.5309
50.3533
49.2192
12.8848
49.9117
63.8355
65.8856
54.8029
64.1882
4.33933
75.8744
58.0012
66.5427
21.1153
10.5601
26.2642
41.0863
4.27672
58.7563
16.8377
37.9953
56.3385
28.5942
117.287
45.9239
54.5329
125.647
48.4286
60.3209
95.1967
62.3025
86.2073
14.0941
0.163224
1.78052
85.5643
97.666
1.51953
55.5313
29.0688
0.108463
67.8858
8.2775
77.8555
137.32
45.2608
39.1351
62.453
114.843
48.5639
19.9527
38.3963
105.554
103.813
99.5905
29.2333
36.5256
29.2892
15.869
21.3832
58.2886
14.3212
57.4761
48.6265
49.0942
70.1032
45.0896
47.3311
82.9547
147.945
19.5279
54.3538
10.6369
15.2291
32.1638
1.12547
13.8401
30.2734
9.45196
69.4003
23.6614
73.8715
21.9422
21.1859
10.4663
28.5688
24.8917
29.6768
41.3885
25.8501
36.6123
47.9482
27.6319
32.7406
53.1348
27.4809
10.5395
49.8404
21.0166
17.2251
26.8663
16.3209
24.7742
10.2898
25.6649
48.7186
33.4438
31.464
17.846
33.0812
63.4858
12.0828
51.4596
135.742
8.26574
8.21759
36.1237
56.0586
73.0463
101.742
41.7305
20.4639
22.4031
26.148
52.2187
69.7858
23.7036
60.4629
80.8045
1.41694
6.62101
134.9
3.7971
81.167
33.2219
46.6895
28.2375
128.946
MET does not have solution even after MET smearing.
The solution is returned as if Delta was zero ...
66.8576
96.2234
23.2813
81.7741
32.2779
62.0832
25.6067
48.9359
8.22399
1.90718
3.36938
32.094
52.6283
2.32953
62.4103
34.9592
4.8816
18.2932
19.4018
43.4256
0.00624623
68.2222
104.272
58.7634
15.3884
10.531
72.0367
22.4162
7.55914
129.036
1.44571
24.0162
75.3654
48.5141
11.2384
6.42901
63.3853
58.0055
136.969
128.298
2.93295
34.7946
33.9701
9.29782
23.0292
104.105
31.23
38.1636
0.167403
62.165
11.9812
73.9608
27.4328
117.544
100.302
61.0108
56.5954
113.669
111.669
3.62282
16.3106
0.089642
24.4658
61.7889
47.0913
96.1823
103.101
56.8673
33.5414
62.8706
69.2817
13.4227
180.478
MET does not have solution even after MET smearing.
The solution is returned as if Delta was zero ...
80.7064
61.2433
6.26053
76.755
11.5983
140.276
2.79938
22.1377
160.068
121.498
38.1049
77.7146
80.3943
50.8002
45.2926
143.635
7.18272
3.22951
166.393
MET does not have solution even after MET smearing.
The solution is returned as if Delta was zero ...
0.943053
41.2432
17.4972
13.0221
9.03154
50.9019
70.8345
12.0755
68.9359
64.846
27.8026
44.7152
56.8513
16.8876
15.1918
29.2808
6.93305
9.15824
76.5972
25.0941
52.5968
39.8873
93.6478
43.3085
0.13762
37.8724
73.8212
29.6599
9.51955
91.0124
68.5436
35.2718
72.5969
67.1043
44.6244
15.7051
23.2558
18.3108
26.0561
60.9106
88.1771
70.5942
70.2804
49.7343
38.9361
36.3774
59.7385
39.0838
40.9203
7.07526
44.2794
60.8796
131.337
111.594
63.6365
70.7051
37.7326
37.2016
85.9984
41.9757
65.7659
1.53121
62.0266
18.0967
86.5963
46.0059
39.5049
40.269
43.5708
72.6715
43.0357
22.7778
7.36987
50.4907
39.8582
15.8092
3.56743
19.8371
63.4164
67.6548
58.5412
117.222
1.78406
120.147
88.1879
58.7671
92.4608
17.3045
107.908
43.1823
49.849
43.1663
66.8796
37.2025
89.9102
36.3467
11.2764
26.8014
8.72021
2.78158
31.4708
74.7662
41.077
50.1709
42.0269
111.178
51.2785
67.9072
47.8778
35.5443
10.0563
102.092
51.3574
27.9275
38.9872
44.6371
30.8367
16.5571
1.79355
23.549
123.326
68.0219
71.1884
76.33
103.646
94.5275
45.6191
61.1599
88.671
58.9972
13.6152
64.4237
75.8434
35.7834
17.1994
88.2832
34.5277
80.2969
21.7345
37.948
4.11949
6.72142
11.749
36.8403
30.0168
71.6325
102.988
66.5409
30.0123
33.1455
100.575
52.1119
7.67666
61.7196
69.4442
6.55764
14.1467
69.2677
54.7072
17.2315
28.137
15.4387
362.582
MET does not have solution even after MET smearing.
The solution is returned as if Delta was zero ...
28.5198
6.31678
35.5976
37.8305
73.034
70.0163
96.4745
38.5037
4.0433
49.7728
0.785792
85.1442
175.182
14.5991
62.7461
57.8287
9.3498
28.3139
38.629
43.9758
10.3105
11.5277
83.6992
73.5802
54.8722
50.1888
50.6902
84.7125
66.7665
103.661
42.5189
51.3825
39.595
10.6307
6.42403
14.1053
90.3335
63.6945
89.8348
65.3
116.723
34.3449
102.462
66.9427
66.0028
111.193
41.3562
122.172
9.97694
1.87672
37.2114
83.244
3.13839
65.7259
22.3852
18.7998
41.1791
35.013
12.85
49.221
106.895
118.825
48.7803
45.64
2.06238
41.1602
20.8704
25.265
20.9269
32.6126
48.4591
16.0075
21.8584
58.9651
26.7723
8.61367
39.5058
7.29397
149.913
69.1443
71.3606
14.6972
59.6731
19.9492
41.8128
56.5326
100.688
82.5107
82.5549
105.726
65.7116
64.2214
45.4869
28.0618
72.3448
93.6446
99.2623
33.7501
25.8432
20.5312
41.4033
112.653
83.2041
55.6142
13.4727
37.4208
14.9069
41.034
29.039
44.6385
17.9689
17.8528
60.074
91.696
54.5209
63.4737
26.8101
26.7375
27.2636
60.1786
17.9229
35.0487
40.4176
12.0696
14.9572
61.3488
42.377
78.7091
10.4183
46.1455
0.0154834
5.7599
26.1898
2.44046
18.4196
11.1106
44.4621
27.2022
51.9179
20.9878
185.363
MET does not have solution even after MET smearing.
The solution is returned as if Delta was zero ...
39.5781
39.7611
37.926
21.1841
47.1185
7.84553
19.5482
61.0053
91.1338
26.8258
43.2264
78.8283
77.5018
34.588
45.6712
66.8307
9.36828
11.3292
69.4054
61.1026
31.9374
68.9157
58.4664
67.5715
32.3577
16.1772
9.85136
18.1565
126.73
54.9931
143.454
85.1352
25.8716
126.286
58.2097
38.5268
39.4876
76.3171
0.653023
105.546
17.6182
29.6363
65.6057
41.2117
61.1184
21.7519
184.849
MET does not have solution even after MET smearing.
The solution is returned as if Delta was zero ...
95.8755
0.708217
15.8061
8.72047
2.45349
62.1106
15.3945
38.2568
58.6638
55.9851
57.7182
23.3436
39.2481
29.2864
33.5981
86.5737
106.759
62.1299
55.6414
48.4013
11.5617
42.2093
35.7237
74.8855
8.84565
33.7918
28.8016
2.3996
6.71199
14.7321
72.3019
19.4362
60.9104
46.552
90.2471
19.094
19.4738
29.8445
55.4151
87.0678
79.1152
44.0232
43.3343
15.0462
53.5604
67.331
42.2775
484.51
MET does not have solution even after MET smearing.
The solution is returned as if Delta was zero ...
60.0592
25.2101
47.9473
22.8146
46.841
11.955
20.3163
42.2486
22.6903
15.594
80.5362
61.9776
7.93397
34.6912
18.6389
103.368
59.8333
59.6722
102.434
31.5604
131.328
37.4727
33.77
47.0028
42.0794
76.7171
44.1095
38.6032
0.992786
117.257
71.6921
65.0452
21.4864
14.2008
62.7943
102.444
40.2655
8.89705
121.423
35.7654
20.9628
61.9773
9.30185
28.1458
5.38909
30.9892
6.23878
49.079
42.0652
10.6719
33.6074
64.7405
77.0024
35.2357
66.1136
13.5835
19.7501
21.4703
48.4514
40.7378
44.3366
26.747
69.9728
62.5394
26.0983
66.8742
37.0141
53.7236
49.0652
43.81
8.87646
15.187
12.2561
6.55436
98.2514
100.908
53.7153
20.8823
54.2708
174.155
27.2891
116.808
70.345
59.0034
25.8372
62.4331
84.6654
72.7624
102.802
47.9053
79.2088
33.2643
21.0844
7.64798
18.727
7.17924
27.5689
22.4009
41.7811
27.8778
4.9332
98.9524
25.0948
76.4172
47.3364
13.3755
23.8694
43.3456
51.0083
42.8441
2.46231
34.2925
27.113
101.773
45.2154
21.137
54.1084
62.5927
33.8128
156.929
MET does not have solution even after MET smearing.
The solution is returned as if Delta was zero ...
38.1169
35.0588
50.1628
74.995
23.2672
6.63197
3.67681
68.0206
59.2804
43.7735
38.7228
115.851
14.1918
33.6098
42.7382
43.9572
50.4617
78.8379
28.3731
93.0451
35.0669
100.991
59.4988
14.3016
51.7234
65.4731
42.4012
87.6077
63.6081
71.0043
58.0514
31.8045
36.5016
97.4308
60.2295
88.4485
58.9997
92.6991
36.3195
9.47957
63.5303
23.1828
15.926
3.46354
19.8889
112.779
97.9076
45.1816
27.3065
19.9666
44.2292
64.5949
16.4624
67.6909
127.556
29.0156
27.1563
39.9539
66.6839
19.4612
40.2977
33.4802
11.5197
50.6631
32.506
40.1311
24.0952
57.3812
85.1894
4.56664
54.1332
18.255
87.7987
67.6755
0.042599
56.1192
89.2153
18.4671
82.7854
10.0963
77.2765
74.2698
8.43754
10.6965
22.5467
44.1025
3.01544
30.3396
44.346
22.1306
27.6682
52.0778
94.2956
54.8281
6.45143
28.4736
40.2037
89.6415
74.7018
63.791
4.55294
22.0059
110.49
71.5372
56.9874
84.6695
3.6586
37.3345
68.7745
35.5455
58.4573
60.2607
63.3665
7.85407
13.953
24.32
16.4038
21.1534
79.929
19.4722
5.75985
41.5539
19.3545
69.3316
5.14611
11.7522
40.7837
94.5221
20.7288
59.0889
58.264
67.907
39.9858
12.0635
106.112
37.69
35.315
156.633
MET does not have solution even after MET smearing.
The solution is returned as if Delta was zero ...
92.9138
52.8009
76.4586
70.004
65.9722
45.8989
88.5062
40.9625
75.0735
35.2819
85.345
150.095
4.48377
3.87225
130.079
95.7572
46.1495
77.4757
4.15382
78.4597
12.2472
70.7533
16.0489
37.8094
92.2259
42.8487
88.8952
31.2748
7.69395
17.7162
1.6106
77.2037
15.8019
32.5165
135.271
6.08005
11.7533
8.38758
73.7243
101.615
60.147
3.42224
4.24974
36.0248
3.51207
213.796
MET does not have solution even after MET smearing.
The solution is returned as if Delta was zero ...
80.9631
8.85516
36.4813
4.74288
54.2465
63.5273
54.6764
88.4052
6.98563
89.8223
35.1759
20.6792
25.3476
59.7204
129.09
27.5374
56.9511
53.1353
69.3968
88.7026
32.176
330.933
MET does not have solution even after MET smearing.
The solution is returned as if Delta was zero ...
10.0147
13.6743
26.6061
30.5589
19.4723
22.695
57.3574
11.4593
7.11575
44.0474
75.9523
156.447
MET does not have solution even after MET smearing.
The solution is returned as if Delta was zero ...
21.0117
44.3389
33.6768
18.85
75.9225
68.6956
70.1577
14.5137
144.101
MET does not have solution even after MET smearing.
The solution is returned as if Delta was zero ...
18.245
21.3272
74.914
64.2741
45.7149
36.5441
26.336
32.5605
85.4507
0.298375
32.8981
78.9862
74.5664
57.0069
70.1974
107.812
119.594
5.14245
45.1636
86.9123
58.4094
113.351
23.803
40.9235
53.7733
70.6952
111.978
95.0525
26.0883
57.8897
30.7184
42.6916
84.8268
55.8729
48.9241
62.5479
29.9349
66.2353
60.7448
10.055
14.2538
15.4949
49.0712
117.49
10.1397
60.7527
72.4633
49.0821
77.3975
29.1043
11.7056
15.6787
63.1036
102.732
88.6752
17.7244
26.9084
57.187
148.856
133.05
157.37
7.5768
1.33429
8.20795
59.7381
67.9617
73.5606
90.3814
6.78346
66.6662
0.280138
54.6901
29.6435
25.7248
44.8622
31.8274
13.9566
18.9595
12.4466
39.8857
48.91
73.6783
48.3605
33.3038
128.52
78.8269
27.4442
92.3437
55.7248
86.0566
8.20304
14.1903
57.2067
62.3179
22.7941
101.859
64.4364
32.0698
63.8916
2.95665
24.4645
38.805
45.6472
39.1489
256.245
MET does not have solution even after MET smearing.
The solution is returned as if Delta was zero ...
60.6619
7.73778
57.743
24.3022
33.6817
6.56387
35.5043
61.0117
65.6318
41.5881
33.4227
99.1201
40.5579
118.82
116.909
44.7334
63.2319
29.7846
0.459906
41.1718
72.9206
65.2861
22.6414
70.5464
57.0997
13.1948
5.82098
133.276
46.1881
34.5221
0.5731
143.114
17.5657
35.0523
48.767
113.217
5.65075
85.792
96.7837
1.73514
60.7949
52.6001
48.2752
72.4935
36.2435
17.5072
39.8062
72.162
47.1645
10.0486
53.9379
24.1356
10.3077
14.6497
7.71219
18.3187
55.269
4.77524
17.7347
25.6679
84.6553
86.345
59.7252
66.1591
59.8524
13.624
72.834
5.18417
138.288
11.2708
37.2278
46.511
89.5372
63.8657
50.5147
12.4023
26.6362
145.501
36.2263
49.6405
25.9713
13.2108
37.0611
55.3915
27.7001
75.984
8.65441
46.799
62.6999
7.68472
106.82
20.069
60.2165
127.363
145.823
MET does not have solution even after MET smearing.
The solution is returned as if Delta was zero ...
122.393
66.5988
27.6062
88.9732
40.0048
0.514575
101.063
31.9311
116.973
102.582
15.6643
15.9791
42.7085
23.9133
26.3597
44.9952
23.2383
18.5181
52.854
2.02873
19.3996
21.1719
16.2275
113.871
80.3264
59.3639
7.35693
65.6059
16.899
79.2611
53.4907
38.4945
70.1191
72.5685
23.9709
116.577
38.0295
68.1016
19.0315
47.2523
51.8848
68.2926
29.0399
13.547
50.2733
12.1129
42.3069
3.39965
68.0231
70.3999
61.5444
53.6952
60.4738
10.4415
52.9573
8.35574
37.4168
21.1242
41.293
8.37866
38.3137
31.2039
30.3201
73.404
8.61383
22.4913
27.334
61.9758
36.7116
7.44911
97.1408
18.5118
2.27085
2.00437
63.4551
113.952
56.0581
33.8263
148.695
28.8947
30.6832
79.1122
34.2413
76.4419
63.4084
24.9485
31.9437
4.77252
26.5708
14.7136
20.4599
37.7534
67.0468
49.1956
23.0668
38.2267
52.6383
56.6447
23.1586
40.4075
70.142
19.1924
6.34411
78.3047
93.9726
25.4188
53.8621
15.735
69.5501
40.2476
93.0109
116.411
44.3307
11.9199
78.0672
53.3192
54.6943
19.9748
79.8898
86.5755
34.5049
24.2812
3.58882
21.6737
11.9792
37.8658
127.359
79.1015
22.0156
93.1798
68.8529
70.8199
84.9936
103.137
56.6791
100.614
9.85598
28.2887
38.8999
1.66129
72.3589
4.81855
19.5973
40.2277
80.9618
1.45117
30.9653
26.0225
73.1341
40.471
19.9127
29.9748
32.6575
59.6877
39.7026
73.2269
86.944
21.8899
142.606
38.445
58.8022
61.8674
37.3995
74.7923
71.9981
75.2274
1.47254
27.4808
37.3017
40.2155
7.76435
16.0053
32.6651
6.18892
50.1434
17.7809
16.9375
10.7362
33.7853
113.27
10.6355
45.8231
33.4219
0.107823
38.7177
47.9233
98.5052
49.1277
126.085
31.3114
58.6392
11.5689
8.23639
10.3057
24.9987
5.02117
60.2534
34.5512
134.318
27.7934
9.76971
15.4738
37.8691
75.49
4.78553
26.824
32.6492
42.5254
10.4215
78.9299
30.3925
31.8255
86.7397
69.1581
123.06
11.9153
123.964
61.8622
37.6208
90.9489
21.0187
47.2901
12.2374
77.9088
37.8285
33.964
2.10236
63.3469
16.5719
22.0715
53.5861
63.261
69.1273
73.766
31.1969
59.5886
32.697
14.939
8.82147
73.6921
82.5113
38.7275
37.4543
71.4276
42.5214
54.6437
2.3263
32.5048
90.1575
113.303
20.574
51.0302
5.27307
35.0003
29.7047
19.7374
30.9774
25.2775
44.891
81.4519
60.2159
16.524
5.15388
88.698
55.5239
26.6274
12.7304
88.684
61.4627
24.6207
49.8093
110.568
6.03195
31.9377
55.8916
5.71798
43.6594
58.8717
10.0284
40.2133
72.7123
15.9402
90.1733
78.7372
51.367
72.8372
23.3409
66.5835
25.5498
64.7817
113.077
73.4323
26.803
45.7984
36.7853
39.3723
2.88101
32.064
83.0277
3.52305
19.7469
67.4826
78.8747
117.792
9.44699
99.3419
1.59152
36.3502
66.0766
31.872
1.52537
84.0396
3.56702
65.9729
78.8792
14.6613
60.4801
40.2183
50.5945
105.379
39.9613
37.765
23.0653
20.1843
10.618
17.7588
103.634
6.98246
31.5167
107.326
12.0755
70.3027
45.1937
41.6624
18.9914
20.2137
51.4914
22.3603
8.51254
31.5974
14.7108
17.5985
11.6949
6.66714
49.5498
114.186
37.6249
77.9787
1.60304
56.6441
10.9257
7.45437
73.6556
28.8341
55.7724
78.4686
36.4655
6.72379
60.1315
0.0569337
3.81047
32.253
89.8761
28.7774
7.81298
57.0696
7.89385
40.3882
48.0633
55.6871
27.7543
54.5317
49.7164
37.3348
2.87782
58.5179
73.3785
5.27467
15.8716
39.061
22.6214
9.88723
38.482
5.17496
19.2404
61.793
89.7707
51.1912
47.9146
58.98
59.3268
41.5931
30.2916
37.1402
6.13832
82.9454
101.958
108.358
28.8398
50.9783
26.2037
50.0276
47.0318
9.6613
36.1936
33.6227
13.089
34.3591
51.9063
4.57316
18.1968
2.25147
30.471
61.0631
1.3383
39.3032
34.3095
56.6472
13.8228
37.5097
31.9816
12.1476
106.984
46.7283
14.0863
11.6857
56.3199
66.528
110.727
96.4545
9.15078
84.4677
63.6014
54.4071
79.6395
89.9811
3.05332
80.5571
73.504
50.1604
106.845
38.3785
38.2057
33.9964
10.4182
99.6703
209.863
MET does not have solution even after MET smearing.
The solution is returned as if Delta was zero ...
112.247
1.83922
77.4545
37.8791
47.1333
82.2511
110.491
93.4359
1.08185
47.9892
71.024
58.0957
71.2569
16.2654
39.8759
112.457
63.6815
6.16345
36.5431
148.446
54.8757
52.7184
62.2663
31.9092
84.9159
70.0995
47.8056
43.1384
32.3797
76.5312
45.48
111.266
67.5303
34.1323
69.2401
93.0124
66.5429
44.2675
38.3085
20.5825
87.7385
44.7628
25.7214
82.4942
13.2434
50.531
31.5919
51.5691
33.9633
100.6
150.767
MET does not have solution even after MET smearing.
The solution is returned as if Delta was zero ...
167.591
MET does not have solution even after MET smearing.
The solution is returned as if Delta was zero ...
12.7883
46.9045
33.4547
168.832
MET does not have solution even after MET smearing.
The solution is returned as if Delta was zero ...
32.2617
110.688
89.5514
30.4975
173.155
9.00336
28.7049
4.8984
43.4712
29.0403
21.1638
100.202
12.8317
5.98292
40.8705
29.2508
108.455
56.862
190.893
46.5363
115.895
35.5669
45.754
32.3253
51.6759
5.72004
48.008
68.5985
37.757
108.478
7.71818
37.0177
71.4685
17.4174
65.602
42.2254
82.6374
6.37199
64.709
41.3733
66.0801
122.962
9.05383
74.9488
52.0613
40.3411
85.1267
44.047
23.2043
101.772
30.7477
101.098
91.7205
35.1414
63.6989
7.97224
25.0249
25.1276
7.32127
17.4456
82.4865
72.5787
2.56842
21.719
61.4808
32.9006
29.5672
34.8301
19.8741
32.7284
23.4176
37.166
31.1946
66.4259
45.978
126.551
6.10785
76.8711
71.8687
58.562
43.0803
70.7285
165.527
90.0175
124.665
84.7991
70.4053
3.50334
52.373
44.9103
2.1444
17.7237
58.0332
34.0447
41.4661
60.2716
12.211
41.6947
69.9039
2.8392
113.651
91.1716
51.4421
18.6074
46.8973
1.51785
68.412
6.74295
23.9065
5.98624
128.965
35.7191
99.7508
3.88856
70.3835
61.2463
76.7933
79.0691
4.89828
96.4982
17.6864
139.928
43.9317
45.1086
61.3261
87.251
7.93262
49.6466
108.835
93.4913
36.0949
75.3288
66.9346
49.8455
70.1109
27.326
68.4995
7.73398
60.2395
13.6573
37.6388
35.6422
0.949463
139.381
MET does not have solution even after MET smearing.
The solution is returned as if Delta was zero ...
22.1652
18.7497
0.858854
28.1153
17.8633
161.664
MET does not have solution even after MET smearing.
The solution is returned as if Delta was zero ...
224.293
MET does not have solution even after MET smearing.
The solution is returned as if Delta was zero ...
52.45
111.451
17.032
25.6318
61.4252
40.7181
56.1175
33.8067
15.1232
46.8983
68.3691
72.6197
16.5904
76.2758
32.3559
0.785951
18.221
22.513
97.1484
26.8037
87.8892
80.6843
18.4323
144.54
6.90653
24.0001
85.3312
54.1289
29.701
8.80921
55.7125
34.8933
12.3268
24.6544
35.7089
78.7527
61.6251
57.1038
111.178
84.3323
4.14011
86.0134
25.8286
29.6652
6.58266
30.2935
30.3199
131.247
43.6492
30.5899
14.1971
18.8389
35.7469
39.5914
69.889
29.4607
42.5959
90.0611
31.295
88.1077
39.457
34.44
71.7551
10.8074
96.0285
9.00757
93.9937
34.1256
55.2193
38.288
17.4671
21.9892
87.69
36.2471
19.5875
72.8801
59.5854
21.5045
10.2434
32.1974
23.2658
5.44725
53.1833
10.8587
99.578
16.3828
55.1217
20.753
32.6929
22.1186
62.3494
29.7655
78.4032
38.3567
93.8004
13.0892
139.754
49.9416
24.8644
29.7881
35.7179
32.9935
11.4887
116.751
35.117
27.6024
77.0079
44.0159
16.8631
5.56658
9.21002
18.8461
32.5321
81.1739
77.0281
46.1941
106.442
3.42813
18.5657
55.67
83.5612
68.7526
77.3652
0.407127
29.4737
41.9014
38.0806
35.4654
17.5037
11.1181
9.7939
45.7503
57.7796
30.955
90.0886
1.81207
9.26057
90.7873
85.6414
14.3353
97.3623
129.718
29.7091
47.2661
40.6933
24.9411
58.5608
54.133
26.9487
111.707
65.6341
70.0961
5.0917
34.6698
48.5633
9.95522
47.6425
67.7178
78.822
16.5649
54.2977
83.9746
78.7878
23.3295
7.81269
86.1937
14.1306
55.6919
25.3963
71.9076
57.2361
8.54876
86.0406
23.5936
5.1026
92.8451
15.2936
45.4739
79.2037
49.4725
23.7444
31.9069
60.8555
39.5306
45.5498
33.9203
78.1417
18.8959
9.85423
46.3874
35.0315
70.4749
35.8128
49.9389
45.5556
71.5561
32.1223
48.7244
42.6007
68.8414
74.7469
27.0219
93.8837
17.9938
29.8193
55.4851
38.5451
34.0651
31.9518
75.4984
1.43185
93.247
62.4094
21.4238
31.939
32.6157
70.2747
34.4565
95.8356
51.8083
0.303816
87.6165
72.5671
68.0893
19.322
79.7649
24.4028
70.6567
55.4894
50.576
23.8857
34.3729
81.7896
66.937
6.17029
23.1738
116.714
72.484
21.7776
22.2127
0.723451
89.4472
49.4442
66.824
9.21874
115.627
27.523
125.566
19.9938
33.0993
284.659
MET does not have solution even after MET smearing.
The solution is returned as if Delta was zero ...
43.9566
147.732
40.7811
35.4007
57.1634
18.3431
13.2949
19.3138
67.8281
72.757
29.2904
74.6023
11.5924
77.1065
65.8471
41.4058
31.7498
67.7139
74.5617
65.8573
62.1734
39.492
67.8536
7.74398
34.6751
118.334
44.68
1.1991
20.8921
72.5435
54.9633
49.3067
18.7189
53.7512
27.1581
35.138
40.4717
68.543
52.2329
35.9342
2.03724
26.3928
57.1002
2.4687
76.9977
126.086
52.5296
85.2293
43.4174
43.2959
14.0332
87.3922
15.2101
45.0536
60.21
44.5673
1.7541
6.89616
68.0058
59.4262
57.574
94.0682
4.9571
47.973
3.36505
30.1406
85.8243
30.3775
11.2492
8.12095
242.411
MET does not have solution even after MET smearing.
The solution is returned as if Delta was zero ...
12.6363
189.222
MET does not have solution even after MET smearing.
The solution is returned as if Delta was zero ...
6.81867
144.02
36.9634
56.3497
1.74698
33.6542
38.7828
27.6106
57.3918
66.7174
88.9842
8.34247
0.637777
12.0767
83.5186
33.9656
20.2858
55.2966
48.8417
14.9306
21.6495
46.8444
42.9523
91.0825
10.7137
8.92125
88.3091
16.441
74.1818
48.2074
23.1922
86.2031
59.2088
12.9191
67.7871
68.9689
104.4
116.509
70.3822
39.7002
10.7958
99.3259
53.8435
54.1259
12.8611
3.26934
15.7642
57.8427
14.9423
46.2029
18.8258
104.498
30.5855
62.8089
35.2136
6.31437
113.762
30.4935
61.3602
85.285
6.41705
91.8532
24.3744
77.0237
158.688
MET does not have solution even after MET smearing.
The solution is returned as if Delta was zero ...
25.9131
109.172
117.544
8.2597
39.1658
7.47427
48.945
37.6719
56.661
26.3289
81.904
66.6111
64.7761
47.1685
11.3638
14.6849
41.4246
42.0045
49.5075
75.88
46.7994
15.7714
17.1493
2.86129
58.4086
33.6034
57.3653
119.325
46.3889
47.1787
97.4376
33.7874
37.9185
221.976
43.4168
52.7072
93.5386
11.486
83.0055
26.9472
42.9132
41.9708
61.5811
22.2628
86.3339
45.2003
68.4075
5.40955
23.9054
26.3474
92.2826
58.9573
136.825
27.5298
75.8068
33.5514
9.98429
79.2911
76.125
46.6348
46.8515
87.1986
37.8284
47.2072
69.1616
21.0959
25.0657
64.7184
31.8117
30.8543
67.6901
47.915
21.1401
22.4982
0.260843
32.5555
18.5604
39.998
1.69161
114.229
53.1251
44.3061
8.25597
50.6866
17.514
54.9008
3.25174
32.9687
33.4084
42.295
23.748
3.2635
2.50365
5.68225
18.119
27.9952
71.4195
33.5643
62.8387
15.7423
32.5245
63.0359
86.6916
84.3101
48.1166
44.6069
78.1887
145.645
MET does not have solution even after MET smearing.
The solution is returned as if Delta was zero ...
19.937
61.5901
17.5357
22.191
40.0285
95.9707
50.8773
45.9004
5.69743
30.76
26.0119
93.0833
29.4516
46.416
25.8773
51.3139
20.8449
79.3834
59.1808
25.1446
28.3411
62.6758
92.4643
44.9345
17.827
78.8925
20.4735
45.9777
63.8669
61.365
41.9802
51.3907
4.1541
62.3299
66.3992
68.8291
26.0274
36.9197
78.8753
100.432
61.4052
37.9993
62.9784
16.8485
15.8858
17.8396
14.4287
39.5443
58.8432
384.849
30.2272
67.9924
22.3202
62.4543
1.96448
5.93256
15.8414
16.7494
20.5874
57.5107
160.259
MET does not have solution even after MET smearing.
The solution is returned as if Delta was zero ...
53.248
75.4057
55.1398
19.5575
51.2723
9.82609
14.9759
52.8655
47.4002
99.3932
69.6997
36.4669
13.5515
56.6732
179.024
MET does not have solution even after MET smearing.
The solution is returned as if Delta was zero ...
67.1789
47.078
45.5043
21.3372
5.51167
10.9509
9.28867
44.6565
3.04303
44.8439
22.5779
50.2085
84.462
21.9529
9.81993
51.683
45.919
4.72651
4.23936
79.0162
51.5171
22.617
97.8091
6.25143
29.3431
49.4421
43.5245
2.45428
93.2191
16.1255
21.4442
73.0061
28.001
13.7605
22.1969
36.4631
79.7108
9.7938
66.6806
113.999
146.776
MET does not have solution even after MET smearing.
The solution is returned as if Delta was zero ...
40.9185
9.32977
30.6214
24.3771
34.177
95.3646
95.6919
11.8418
111.537
99.8808
7.00509
34.8357
80.6341
53.6314
66.5803
74.4136
111.815
44.7034
30.3992
66.6367
88.1578
52.0584
79.5268
101.704
4.17488
99.6638
40.9193
153.781
MET does not have solution even after MET smearing.
The solution is returned as if Delta was zero ...
108.493
25.5593
1.89021
149.8
23.9729
42.5899
40.09
47.8276
10.821
56.8189
40.1534
115.731
8.556
91.5983
49.5512
28.5938
43.0593
71.8089
158.756
23.1312
59.3076
46.5166
41.4745
11.5059
78.9825
105.074
28.5388
81.405
6.40248
82.1563
33.7475
34.7489
66.1741
40.3832
73.8691
41.0042
0.542381
29.7753
61.3055
35.9165
124.739
48.1944
36.1032
112.889
78.1951
30.8556
32.8262
41.7947
9.39131
64.9541
55.7508
79.8586
16.4634
14.8405
43.3233
39.273
85.4431
24.1531
78.6877
76.702
58.8398
22.6559
33.0183
68.7817
6.02364
72.2335
10.1274
12.0896
77.5146
41.2783
21.53
57.3636
11.4382
33.0367
106.474
135.039
4.12359
32.4126
55.6731
2.12695
9.42257
70.1549
43.6523
55.5971
18.9447
65.891
66.3341
165.615
18.8623
22.9987
62.4051
6.2285
39.6411
28.9225
77.26
2.01479
25.9642
23.3921
84.8547
170.672
16.0907
88.2564
165.918
MET does not have solution even after MET smearing.
The solution is returned as if Delta was zero ...
96.9741
61.1069
124.612
9.64475
22.9788
0.751503
91.3949
7.80772
7.69289
43.3755
54.3133
32.3997
46.1982
55.2832
123.539
32.2278
44.0174
62.9215
0.942286
138.05
MET does not have solution even after MET smearing.
The solution is returned as if Delta was zero ...
1.30308
38.8268
15.2214
23.575
44.7141
46.4168
64.5634
91.7654
69.5003
54.5781
58.3528
82.1248
45.8205
14.9179
6.42838
40.0338
53.722
81.869
297.719
MET does not have solution even after MET smearing.
The solution is returned as if Delta was zero ...
54.7197
51.9861
98.475
30.64
11.5157
8.18334
46.6687
154.327
84.0551
117.474
40.4535
19.4307
65.3254
44.007
32.8914
60.1887
92.7858
42.7426
61.4376
1.52967
76.8185
109.393
27.2352
79.8101
52.3824
70.3857
28.2413
37.2795
9.81827
24.3606
1.95791
71.6084
29.2722
31.8983
16.7332
133.493
42.8155
63.1591
1.09024
60.1186
86.5389
128.524
16.5748
15.7207
14.8931
58.936
43.3197
53.8994
50.5964
3.37034
75.3086
9.48878
75.1467
28.254
81.4103
1.03244
73.2556
44.1097
56.2079
3.3001
27.5888
97.1947
73.658
31.4769
41.8508
12.1242
47.6006
36.1972
54.8798
31.6365
27.6873
23.8227
67.6856
11.7822
59.3606
104.05
3.96368
66.795
47.2515
22.5049
11.0135
7.24939
87.5856
281.56
MET does not have solution even after MET smearing.
The solution is returned as if Delta was zero ...
31.8502
66.2706
143.209
MET does not have solution even after MET smearing.
The solution is returned as if Delta was zero ...
84.0318
3.90192
29.272
51.0323
18.0595
23.5949
38.5643
6.60614
16.9189
22.5438
48.5596
79.9298
48.4002
35.1834
24.516
29.7962
59.1439
74.3459
37.3226
69.1006
116.429
13.8361
96.831
48.4233
51.5087
11.3891
31.5823
54.7943
18.4263
133.402
3.81223
85.0763
41.3552
1.59128
95.4814
21.2429
42.59
20.2305
57.345
43.5422
26.7964
40.1439
34.7035
21.4457
84.4037
21.6145
16.9884
23.8123
93.9167
41.8119
10.1156
27.8239
72.9686
110.153
103.006
33.3376
8.72921
7.11097
23.2497
21.796
26.2641
12.8591
37.3102
23.0706
106.46
35.8161
93.0335
60.6304
99.4883
53.4778
101.133
8.29491
69.8586
125.843
71.4929
88.2935
71.0152
46.679
16.4324
73.0035
42.3885
73.4914
30.7512
11.315
44.0968
9.48977
7.25797
70.8342
48.9026
50.8171
21.7789
27.7556
108.764
61.286
26.183
29.6149
17.5162
3.35356
33.1616
18.967
21.1764
35.0849
6.96863
64.3861
10.5715
34.5395
41.2758
172.668
14.8152
21.773
45.6528
37.1842
0.52082
60.3454
61.33
82.9943
80.8297
before closing file input /home/nadjieh/work/samples/postMoriond/May2013/ZZ.root
before endjob
