**************************
SYSTEMATIC SITUATION: 
**************************
METUP SYST
**************************
file number 1: ~/work/samples/postMoriond/May2013/WW.root
I am in tree = 0
inDirect
treeName: WW_2J_1T_UnclusteredMETUp
WW_2J_1T_UnclusteredMETUp	0x1f14440
0x1f14440 tree afterward
WW_2J_1T_UnclusteredMETUp
2572
68.7589
58.1113
118.74
15.6273
44.5037
46.2375
14.7823
80.3528
34.464
52.0007
22.478
64.0411
92.1055
56.3284
14.8114
8.18712
59.6691
40.8435
72.6528
78.1104
49.5569
63.1226
93.5776
18.9772
111.833
77.649
181.135
MET does not have solution even after MET smearing.
The solution is returned as if Delta was zero ...
56.5538
51.8775
12.4504
57.4871
134.968
52.2291
14.2338
60.2927
92.1222
81.8791
53.4517
63.8129
17.8852
55.798
82.71
49.7884
57.9565
41.4181
82.771
92.6616
107.82
2.36526
10.0356
50.354
0.904497
62.4856
2.52264
43.7233
60.003
48.8216
136.981
MET does not have solution even after MET smearing.
The solution is returned as if Delta was zero ...
110.447
78.2928
79.2309
83.0704
62.1528
26.2856
84.8429
82.0392
12.1807
15.0214
51.9826
73.015
0.337493
81.6163
69.7595
62.9208
69.7093
44.5834
61.1361
82.1528
70.3861
73.5828
43.1221
37.3546
63.7469
74.1551
61.5253
84.1062
73.5972
89.5579
40.7941
79.2204
75.0062
85.9974
44.4981
6.49695
68.7205
5.4695
3.74561
85.4547
40.8947
83.5965
49.8855
108.364
57.1342
31.5751
61.2452
37.5679
87.3076
61.0304
27.1368
94.3188
47.8547
55.6502
82.0945
97.621
80.082
90.2826
37.5506
73.1126
2.92634
85.1957
69.1436
86.6475
76.5293
121.044
84.194
28.0483
48.8201
23.7308
90.636
3.59531
37.784
76.2135
85.9694
38.3227
114.435
87.2219
40.9949
21.7834
56.7197
31.959
77.6913
40.8732
44.3668
42.3541
76.1108
32.1525
12.5991
84.2785
28.997
47.6678
32.1022
56.3135
36.6845
87.8992
210.709
6.51555
92.6279
60.4074
82.6474
83.2099
98.1667
29.9192
93.7959
21.5668
57.9515
76.7202
49.4492
14.2663
81.4563
119.461
98.5816
46.0271
84.1145
29.8654
2.27235
30.4292
44.8747
74.8908
59.9085
36.9197
59.2295
78.8303
114.42
19.2445
65.9099
73.2936
81.1396
56.6921
70.3835
55.4412
2.99568
35.8023
68.9481
24.6952
74.7849
92.1352
55.2516
104.065
70.6515
4.20856
96.0324
133.206
79.8829
99.4514
71.0474
108.172
70.6245
6.7954
7.46596
17.6917
84.2502
86.456
68.0065
62.8503
128.914
60.7955
67.3183
75.9807
21.6307
84.0814
66.7294
31.997
28.5943
43.8294
93.7675
27.4604
20.9067
69.2487
89.7425
96.9342
46.5212
82.9437
34.0491
85.8812
49.4281
78.0933
70.708
90.1845
63.4367
35.7114
63.9586
29.3617
93.2729
67.1241
87.3916
61.1901
47.8502
38.6818
213.932
MET does not have solution even after MET smearing.
The solution is returned as if Delta was zero ...
58.3062
110.78
51.1618
113.015
92.8061
71.3209
63.97
45.2856
27.6734
63.4034
52.8279
44.7786
62.3682
62.4765
115.793
75.1644
80.9912
40.5519
38.8527
53.6309
44.445
93.3956
69.8549
74.766
82.0081
93.5708
70.9328
111.752
81.8379
69.955
9.13139
56.7184
75.7266
128.05
76.9116
77.2099
81.9749
14.5324
72.3525
98.7752
43.2574
81.1854
26.6593
22.8351
70.8341
103.595
73.1038
98.4766
33.1293
115.996
79.3295
11.8717
35.0995
68.0295
44.3643
53.4608
34.4293
21.364
4.20754
101.133
33.9947
100.09
57.5698
65.4195
11.2423
88.2837
107.021
20.8884
40.9414
91.6475
54.4762
96.9383
108.02
53.684
94.8682
44.4749
87.2317
60.3427
42.7532
80.6713
74.5755
2.16291
70.2717
71.3515
33.1138
42.1245
96.0972
77.5588
10.623
1.87559
97.279
66.2563
76.2055
85.3126
89.961
80.1378
57.8277
67.5586
25.9295
75.8263
80.4585
26.5637
24.7804
33.3025
43.4796
31.534
46.4403
87.5103
46.0706
77.6829
92.6881
24.7537
117.97
35.7088
66.2365
79.976
61.0785
88.7142
101.247
98.573
43.3685
81.0478
39.6107
73.743
86.0502
80.4016
3.95594
52.5544
1.09524
33.7339
62.5273
55.6346
78.4598
67.9149
63.9608
89.5761
3.86449
123.308
85.1371
126.292
186.132
MET does not have solution even after MET smearing.
The solution is returned as if Delta was zero ...
89.8873
9.35071
85.222
64.7789
60.4192
100.014
92.2268
172.461
MET does not have solution even after MET smearing.
The solution is returned as if Delta was zero ...
59.7819
77.733
44.8633
55.8654
65.6728
83.822
71.2014
57.7791
74.9051
3.87923
95.8223
22.7551
58.4857
70.0399
32.6196
51.797
12.0744
18.0789
90.3913
87.8905
114.514
78.6591
77.0399
86.4173
5.36376
85.9968
19.8602
85.989
5.24928
77.9374
22.0507
23.0719
36.8695
18.9847
61.9677
80.1001
79.3858
7.42799
70.6881
50.1723
54.4672
113.108
61.2081
87.1377
29.9646
68.2658
15.2837
44.3569
14.2133
102.872
31.2779
121.139
71.9229
37.5319
45.6827
91.2159
34.7788
31.8524
66.5241
37.3388
82.6338
72.9963
94.2178
17.3249
83.8233
70.6561
78.1209
109.715
80.3386
71.9067
87.7039
79.8452
80.7621
76.6973
101.185
49.8163
70.2892
85.5666
100.063
87.901
89.1502
88.1886
64.898
40.5337
88.019
15.2488
10.2081
54.3559
47.3328
80.3173
107.902
77.2797
104.032
106.632
66.3862
57.215
69.4001
87.9352
53.9095
90.7623
80.0305
51.6363
39.7736
60.4406
36.1567
54.8267
60.5199
72.5146
257.829
MET does not have solution even after MET smearing.
The solution is returned as if Delta was zero ...
67.1961
66.6662
68.3586
108.746
97.4417
75.7994
113.751
50.3034
71.8455
1.75799
57.6188
64.7204
27.6569
69.8255
85.8608
14.9756
91.359
67.179
55.8391
47.8602
21.6833
196.348
MET does not have solution even after MET smearing.
The solution is returned as if Delta was zero ...
80.1989
80.4313
45.708
45.7346
59.1225
46.4162
82.809
113.894
45.1942
5.56804
59.2103
34.8076
79.5067
96.0044
52.0972
37.9299
93.8919
107.393
97.1007
77.0416
80.9671
46.8462
76.0536
74.8862
54.8612
83.4267
105.658
62.8414
73.8685
104.302
110.253
78.1055
54.7929
95.0962
36.6713
1.59917
11.6146
86.4485
63.37
153.523
MET does not have solution even after MET smearing.
The solution is returned as if Delta was zero ...
104.108
73.7693
65.0734
22.6277
78.2492
68.9326
84.5689
13.2851
46.7625
15.6644
48.2489
115.211
70.907
9.57938
1.37028
31.506
81.3975
70.4839
51.772
131.861
57.8235
35.5859
85.2364
79.0643
38.1394
5.24999
169.827
40.2984
46.7817
40.2628
83.6248
47.3291
48.2343
112.238
81.3833
40.276
58.5395
65.8574
102.437
62.3389
56.3426
81.2428
61.0848
56.0166
95.169
82.865
8.31366
92.9835
96.7581
1.67512
60.131
2.41184
29.6434
91.9173
96.5726
99.8194
65.9881
145.723
MET does not have solution even after MET smearing.
The solution is returned as if Delta was zero ...
107.727
24.1097
33.9678
91.0468
112.271
61.8955
37.59
30.3143
75.4952
81.0362
28.8752
104.09
57.4649
80.4213
89.4367
92.7457
0.241565
38.6136
61.149
111.363
35.1344
108.883
67.7632
61.6903
85.7782
102.339
93.87
83.8539
71.3742
82.6771
123.813
5.40053
81.4122
8.91839
60.1785
56.9986
73.9492
10.315
35.7134
51.2266
45.454
55.1105
82.3305
76.8705
89.5828
6.16297
45.0547
51.0764
44.5025
18.8949
69.7181
33.9896
10.9589
14.8319
51.0892
5.21848
12.5021
99.0139
8.34953
110.174
86.2982
41.7125
111.75
9.00292
317.032
MET does not have solution even after MET smearing.
The solution is returned as if Delta was zero ...
57.4182
42.6629
68.2367
72.9216
115.558
83.658
50.8143
71.1484
85.4614
92.8572
52.4217
85.736
1.88947
83.331
83.606
75.5523
67.0737
69.483
82.8862
11.1488
41.7545
71.2709
76.8911
68.8387
72.2831
93.8768
71.8772
126.783
55.1981
39.7302
10.5024
33.6191
58.563
53.8305
29.9927
11.5645
50.7726
7.76267
59.5898
60.0086
58.2721
55.2938
47.9295
9.30965
43.0491
71.5265
3.63197
26.4355
73.7194
102.472
39.1184
34.2253
79.3038
85.7782
99.149
70.286
21.236
58.3015
42.0691
91.1013
60.9783
74.3935
68.1657
76.0583
64.9499
90.4528
77.2819
88.061
13.6673
68.0431
72.1357
107.915
65.507
32.7662
131.219
MET does not have solution even after MET smearing.
The solution is returned as if Delta was zero ...
76.2089
57.276
15.8662
77.8481
34.451
82.503
344.94
MET does not have solution even after MET smearing.
The solution is returned as if Delta was zero ...
48.3886
74.0064
61.1346
99.9101
77.1354
42.079
18.6821
71.7555
43.325
53.7454
85.2734
80.228
72.0142
58.5018
69.0192
89.9291
67.4373
105.728
40.5577
97.2605
63.4528
83.3977
97.363
88.2723
74.8355
43.8489
63.7114
9.15469
97.9079
46.6473
70.8069
78.0106
70.5504
94.8121
73.6806
16.4674
97.6053
119.913
93.8349
51.1245
81.2552
33.9856
15.7131
37.8585
51.1831
82.7289
71.2869
138.377
53.2372
32.412
28.1206
70.0103
81.0925
43.821
70.426
46.8868
59.6268
87.9933
81.2325
84.4384
80.897
24.2145
90.6695
47.489
63.3522
60.8498
62.0748
39.0296
20.2512
26.5279
158.308
MET does not have solution even after MET smearing.
The solution is returned as if Delta was zero ...
62.2833
85.8233
37.0063
54.4925
7.06785
80.9213
5.99747
99.8575
86.3376
79.4424
77.5177
64.2566
71.8865
99.4195
18.4393
71.0543
58.0276
24.8566
70.4787
67.9691
76.9904
13.6961
19.1379
106.148
69.0527
48.0954
106.671
96.5558
91.2462
65.8981
17.4613
63.1897
109.403
94.115
67.7295
22.0118
52.7503
3.40941
84.9039
49.0544
73.7137
48.672
84.154
90.7925
65.9399
56.7142
73.4704
33.0109
43.9831
82.9026
69.4239
81.3559
105.024
91.1998
67.2353
68.131
33.8904
94.759
13.5658
70.9712
42.5626
60.4228
19.8875
60.277
17.9464
94.557
90.4218
47.6443
75.4572
89.1196
218.478
MET does not have solution even after mW smearing.
The solution is returned as if Delta was zero ...
MET does not have solution even after MET smearing.
The solution is returned as if Delta was zero ...
85.2767
38.1913
75.6283
68.1437
86.995
97.089
76.6826
76.4105
74.6729
82.7163
89.0031
73.1557
76.5751
28.2527
33.7669
85.1576
11.6802
42.8027
72.0184
89.0516
83.0137
20.9525
69.403
56.0657
58.2494
105.813
69.9449
39.1741
82.5621
16.7427
71.9036
86.7577
108.242
85.6637
43.2836
92.0333
9.67521
46.7713
52.0459
40.5176
16.3431
83.2238
8.69613
49.824
64.1184
37.7051
57.707
53.2649
59.8543
102.644
27.561
99.8694
101.98
104.596
63.6007
79.4016
82.9481
79.7206
73.0882
88.1896
53.313
35.0093
76.6655
12.6262
66.4119
33.4883
112.807
59.7596
92.7971
100.139
28.2245
115.021
7.17189
54.7214
32.3498
10.613
54.6455
77.6117
56.8425
102.194
75.4932
32.3968
85.566
43.8922
106.834
50.5005
78.9177
51.8161
148.871
105.551
86.0111
38.3928
51.269
90.2915
63.281
89.8857
91.4549
38.6453
104.975
42.4105
62.5047
74.8797
63.3699
67.5301
62.1671
20.7591
1.64371
88.8572
65.3015
13.775
55.3886
63.2502
63.698
127.365
97.8374
75.3341
28.2287
57.5337
5.27952
93.0599
62.0568
59.779
77.6972
96.0878
42.3718
88.0838
14.1976
51.9821
23.3322
69.037
106.411
58.5185
16.3117
34.8446
48.9464
64.1907
77.6151
59.4017
89.6838
52.4803
80.7272
4.50418
91.575
74.6241
102.565
25.8787
49.441
31.836
60.2784
38.5961
12.6874
29.3979
88.2442
55.6076
89.5992
46.9132
85.5532
60.9662
46.6766
23.5201
83.7634
108.429
49.2181
53.9134
44.0933
58.4168
52.7443
89.7789
48.0535
96.8092
19.3425
42.8952
86.6394
57.7709
50.5287
106.754
95.5109
28.4802
69.6309
66.5729
108.449
9.73439
10.8809
23.6495
20.1529
94.3436
15.3245
18.3549
92.7358
44.5428
57.8731
88.6366
9.51998
3.4308
101.53
81.118
80.6158
73.6643
25.1698
91.4533
77.0967
67.378
113.558
87.6305
64.3775
76.7525
30.1755
103.345
89.4113
76.034
75.375
66.8987
60.2722
71.2398
28.1483
93.7129
69.1558
45.3562
82.4726
81.8661
67.3379
76.2671
79.6296
35.7132
37.431
91.7428
49.8447
91.4282
63.7053
62.7078
44.8965
33.8591
64.6415
46.2615
3.35757
89.3245
89.448
111.519
81.2971
26.5588
73.0262
54.3488
0.424211
99.6338
80.7596
108.789
135.519
99.5382
63.4682
89.7235
67.4802
119.063
75.1772
48.697
29.7431
67.1237
75.3352
49.9128
45.1625
31.1381
24.6449
25.7751
87.7617
69.1201
26.8805
28.55
109.524
31.7331
45.4785
108.483
95.7495
54.9661
91.4051
72.0221
90.7923
79.9886
13.9195
226.417
MET does not have solution even after MET smearing.
The solution is returned as if Delta was zero ...
93.1314
57.3846
79.4368
23.4114
46.8334
19.3423
77.211
96.9331
52.7616
28.0813
75.8556
47.2319
68.3523
50.4974
79.5131
96.0562
88.8082
96.3482
84.0088
94.0719
71.0419
63.0951
87.7128
38.768
43.7793
61.5558
58.2682
100.352
22.5651
77.3474
56.5554
108.176
91.2805
35.3974
42.9733
71.7399
107.003
21.9094
83.3053
98.0165
78.5473
108.394
13.7677
71.083
11.6459
83.0246
74.2432
91.3407
68.2971
11.0175
55.8818
62.2145
44.089
256.388
MET does not have solution even after MET smearing.
The solution is returned as if Delta was zero ...
115.065
56.7618
66.3353
67.7116
49.7981
92.7993
108.544
52.4234
65.2938
101.931
29.2104
67.2448
92.8815
72.7141
65.1897
54.6093
77.7388
77.3969
34.1019
93.1704
31.6066
69.7173
56.2455
6.51601
40.8001
76.5409
27.4319
88.0437
57.1831
94.942
67.7462
53.6537
36.046
98.8129
24.5074
59.6546
72.0708
43.5018
84.8609
14.5893
62.1099
92.0966
41.2752
97.3937
31.6099
86.0289
97.1076
21.0407
63.1899
79.9823
121.521
71.328
33.0128
102.37
93.1229
67.574
19.407
23.5625
91.2988
48.8989
0.699668
37.2885
94.4808
37.812
61.9012
0.899247
56.1758
73.1984
66.8194
73.1096
43.2119
38.934
70.7638
49.75
36.1663
85.4249
74.8535
51.2237
72.2891
86.3886
97.6321
86.3014
33.9824
61.7461
99.279
75.7238
78.7945
96.0778
55.3521
37.8283
41.9188
26.4771
79.5446
81.803
70.6114
298.532
107.33
10.179
67.0498
66.3413
84.7281
63.4725
82.4346
41.694
95.5027
25.528
302.086
MET does not have solution even after MET smearing.
The solution is returned as if Delta was zero ...
54.2248
86.104
75.5281
95.9776
44.7984
97.0484
39.4756
95.5547
25.8695
29.3944
76.9434
39.9312
29.7473
140.66
24.4317
73.1666
66.881
38.9873
41.0248
47.628
305.724
12.1703
60.3829
29.9014
83.0574
60.8431
43.6626
80.6699
86.6509
53.8183
33.1605
15.5746
20.7823
67.8432
10.4936
93.3805
117.256
45.5041
51.6854
29.6807
81.0191
62.6633
115.738
143.822
93.4041
64.3223
134.605
58.0514
75.8471
64.5871
49.9438
56.2771
22.6312
46.0741
57.5088
77.5952
50.2975
31.0748
9.19615
117.871
77.6553
61.1667
54.9928
51.4235
28.1864
80.8142
97.4722
46.5964
61.7194
39.1172
87.5452
75.0446
46.2705
24.5776
15.6288
86.2047
79.0746
73.1646
96.3278
12.0976
29.7274
75.9448
126.508
93.2868
60.9203
54.1674
31.7445
90.2654
58.9758
106.661
92.2088
32.2313
83.2542
80.8553
10.3851
92.0207
61.1112
75.4165
34.7
70.8281
32.1895
75.1031
146.29
MET does not have solution even after MET smearing.
The solution is returned as if Delta was zero ...
63.3132
9.60227
78.1833
74.7374
58.943
100.476
30.9482
80.8223
74.4703
17.2864
61.8949
10.2055
67.1041
46.6875
63.6909
92.9817
31.2507
70.6576
44.4733
61.0836
63.7754
25.1332
50.7116
69.5302
25.516
58.6121
8.52278
58.4564
50.8192
56.7046
46.5378
105.716
13.2012
123.344
79.9452
72.4105
53.7105
72.8392
51.1096
125.701
138.068
47.4106
1.06078
51.6078
86.8792
30.6667
198.081
72.637
80.6344
46.467
43.0951
83.512
28.8739
38.9745
61.7071
78.361
7.85118
17.6958
79.2072
87.8617
66.3744
89.0956
37.2863
23.325
72.3343
41.3804
61.2361
60.3391
101.128
44.1894
65.559
42.3576
48.9585
88.9811
73.4949
76.2975
27.448
44.3064
48.5433
130.242
69.7009
46.9694
77.8925
66.8397
47.526
77.9088
90.4243
58.3896
58.7651
54.2863
56.0768
80.8118
65.212
65.9168
86.5189
20.0446
52.6448
30.7469
81.4884
20.2189
33.3511
28.2968
42.5928
40.5655
19.714
110.271
446.401
42.2404
7.01279
14.3337
91.4005
62.0518
2.29565
32.591
5.27755
12.4409
102.93
82.1046
58.7313
79.9807
84.6316
119.824
56.6458
69.0247
77.164
55.0703
62.5767
75.5626
93.0915
63.4724
131.178
103.884
51.6481
52.3233
11.6407
42.9735
10.953
72.9229
71.813
79.3017
88.6301
96.5039
93.4845
155.393
147.525
93.9884
30.3697
50.2469
42.8517
59.6443
66.2555
51.1726
7.71306
73.0906
92.9296
20.6394
12.8327
41.7668
58.021
70.1056
91.742
63.6751
63.6582
48.4198
77.293
28.9963
46.5324
21.1862
65.825
27.1339
155.252
107.259
80.0458
69.3824
81.7256
56.9133
101.84
14.1747
38.1299
187.492
MET does not have solution even after MET smearing.
The solution is returned as if Delta was zero ...
77.8526
40.5623
79.1272
53.0945
91.3641
97.1047
118.271
115.597
33.4529
118.516
57.964
41.1471
53.2666
18.0756
14.8738
34.7351
64.933
95.6439
85.7537
35.8363
85.5408
21.0374
76.8137
77.982
60.8101
23.8084
70.2538
90.4675
81.0837
70.1293
70.9511
42.037
53.0936
65.4409
20.6389
28.7483
102.663
118.012
68.8628
59.3679
179.73
MET does not have solution even after MET smearing.
The solution is returned as if Delta was zero ...
91.8802
39.0454
77.8746
193.912
MET does not have solution even after MET smearing.
The solution is returned as if Delta was zero ...
47.8581
65.3982
50.8456
60.6316
89.2599
128.279
74.1837
84.8622
84.0389
72.8879
48.9946
44.5102
13.7501
84.0317
73.6334
74.9937
67.8932
60.0747
1.00983
114.006
20.6373
84.4109
83.8697
33.0088
58.0804
46.5949
34.759
62.5716
25.8853
3.40617
66.577
93.2169
84.6274
33.5224
81.7561
82.6349
94.8542
29.2694
70.2179
36.6058
86.1077
80.9066
31.9045
76.3321
78.5716
41.4256
84.4626
57.3445
120.447
4.09181
68.6455
43.2548
14.1068
68.9803
118.226
90.6396
45.9037
75.3018
98.1238
111.349
61.2169
1.84875
35.3431
101.519
47.1388
52.8467
47.3718
141.976
MET does not have solution even after MET smearing.
The solution is returned as if Delta was zero ...
34.857
114.139
83.0424
32.5591
22.4561
23.3441
28.0676
4.47
14.7875
76.0361
78.2373
59.4027
104.168
74.2904
87.956
59.5425
82.7184
111.208
80.5412
94.6188
27.6202
70.3802
75.7085
74.8492
90.9438
13.2884
172.761
MET does not have solution even after MET smearing.
The solution is returned as if Delta was zero ...
72.2218
113.701
33.0014
31.2071
95.0765
68.5377
160.448
MET does not have solution even after MET smearing.
The solution is returned as if Delta was zero ...
90.4727
55.1782
57.4215
96.9553
103.904
29.0113
11.8236
20.9372
31.5937
101.993
4.43181
80.1138
41.1091
0.108222
46.1192
62.7861
57.2183
58.5489
50.0826
74.7723
78.0839
9.89892
60.3399
41.7961
20.2188
60.7801
151.113
MET does not have solution even after MET smearing.
The solution is returned as if Delta was zero ...
87.6076
34.2878
27.1432
10.5009
7.0802
50.3646
49.2557
25.4266
58.1459
77.0059
77.6629
77.1831
87.9048
209.237
MET does not have solution even after MET smearing.
The solution is returned as if Delta was zero ...
45.3732
60.0283
37.3697
61.3061
113.175
63.5616
2.20684
85.5587
56.0719
55.054
68.6182
129.862
36.6737
85.0835
52.7085
52.5442
40.0598
89.5563
98.4366
80.27
81.0139
17.5497
7.71872
47.7057
184.102
MET does not have solution even after MET smearing.
The solution is returned as if Delta was zero ...
71.3442
89.0143
95.5417
8.68607
52.1995
69.2765
113.249
90.366
1.63273
70.7876
111.374
28.2216
141.79
MET does not have solution even after MET smearing.
The solution is returned as if Delta was zero ...
54.4861
57.6957
104.148
115.974
54.0441
79.1735
88.0821
8.88906
54.5065
10.3215
88.0211
116.923
19.1252
60.0545
50.5867
32.32
142.693
70.2728
117.871
148.083
MET does not have solution even after MET smearing.
The solution is returned as if Delta was zero ...
11.8834
7.2643
78.6044
44.4885
82.3533
67.2797
47.7868
47.2821
79.9732
85.5418
3.38407
72.6625
29.7421
55.5905
43.6302
55.3991
88.8989
63.2035
36.4753
87.9936
10.33
111.924
31.6786
65.2459
189.421
MET does not have solution even after MET smearing.
The solution is returned as if Delta was zero ...
155.073
MET does not have solution even after MET smearing.
The solution is returned as if Delta was zero ...
109.276
17.9173
96.8305
67.3773
17.1058
90.774
99.2525
33.853
48.3633
44.3528
108.604
77.4236
103.157
78.3816
24.9271
100.693
93.4853
94.0775
4.55044
78.8359
27.6867
0.127338
82.4756
51.0887
83.4153
89.1919
99.4423
28.3446
56.9078
46.7203
109.259
69.569
89.6873
84.5805
59.7468
69.3761
87.6768
66.4608
78.1359
105.898
83.5099
84.0571
38.356
58.0225
155.845
MET does not have solution even after MET smearing.
The solution is returned as if Delta was zero ...
22.1108
20.4549
7.19079
80.2519
0.691314
62.6689
49.1375
73.3321
86.2401
79.6495
63.4883
36.3101
12.3037
58.4892
105.978
34.0393
55.2889
138.608
26.0461
86.8091
116.899
61.2352
74.2499
66.6725
26.8222
15.032
6.96129
143.233
MET does not have solution even after mW smearing.
The solution is returned as if Delta was zero ...
83.7163
20.8196
51.2779
84.7868
255.864
MET does not have solution even after mW smearing.
The solution is returned as if Delta was zero ...
MET does not have solution even after MET smearing.
The solution is returned as if Delta was zero ...
91.2018
40.2473
33.9206
70.6111
35.3057
51.3663
77.8717
52.3434
53.496
121.92
81.9839
56.953
23.2285
86.3266
117.746
88.2184
50.4727
93.6632
71.2776
58.6173
110.757
42.2125
74.8344
32.7713
81.1738
54.586
98.5755
73.3721
117.211
111.93
88.5827
138.617
58.7323
35.3568
41.939
46.8111
30.2368
58.5766
29.4043
60.9063
29.9514
62.0296
74.2479
74.5243
102.285
39.3008
78.5398
38.1134
101.097
37.3973
14.7504
48.4795
31.4596
89.8222
80.0145
96.5711
84.835
77.6866
59.2306
130.664
MET does not have solution even after MET smearing.
The solution is returned as if Delta was zero ...
35.6389
49.0616
88.4706
82.4712
52.5738
40.3249
90.4151
24.2976
107.974
71.429
84.2427
70.5244
68.0833
6.31167
23.0419
74.9206
110.253
134.039
88.7223
126.677
71.295
56.538
74.1549
139.558
MET does not have solution even after MET smearing.
The solution is returned as if Delta was zero ...
68.7566
89.931
51.8604
60.8657
52.4027
28.9493
62.9104
125.227
110.51
8.40956
65.9899
23.63
58.7457
30.1192
105.357
37.4397
57.4786
18.3017
77.0308
76.7028
35.4271
82.3739
110.566
18.8032
51.5525
23.7368
77.0683
65.3031
79.9107
77.1256
65.0607
108.773
44.457
71.5735
136.463
67.0084
89.6647
72.948
55.6728
73.7227
49.7868
15.8462
34.4271
37.2565
30.6274
94.9892
77.8187
73.2169
11.0859
80.2319
14.8927
84.571
91.9094
66.1634
65.5677
8.42114
123.888
1.15401
103.12
65.8402
17.2363
89.3497
19.6923
104.721
37.6997
89.729
162.069
MET does not have solution even after MET smearing.
The solution is returned as if Delta was zero ...
7.40913
115.025
16.2212
22.7742
63.0966
32.3273
59.3024
8.29991
43.6058
62.6053
82.1097
23.947
136.845
MET does not have solution even after MET smearing.
The solution is returned as if Delta was zero ...
80.2831
86.4474
89.1813
58.8704
52.7836
27.9334
3.54709
49.5149
17.9501
83.5987
57.8292
82.83
88.4599
86.5996
70.391
78.4659
18.1302
18.9566
72.0474
82.3175
81.9627
19.5957
114.565
67.4263
36.7052
87.5456
84.6342
95.1687
63.9592
10.862
6.53411
19.0567
31.0675
46.2754
62.4367
57.2977
133.369
52.7526
93.3194
57.1835
48.2109
74.5245
87.3477
71.7725
70.3196
57.9924
69.3503
87.8139
80.0675
46.5879
59.7668
166.625
MET does not have solution even after MET smearing.
The solution is returned as if Delta was zero ...
88.4509
69.172
94.3394
25.1319
59.3973
50.0646
57.0255
66.528
30.7535
73.3294
67.968
33.8454
53.8882
84.7039
14.7775
13.558
67.1592
64.5506
50.7787
61.5969
50.1586
63.5161
97.3442
67.1409
98.0659
105.862
23.8261
127.041
8.87128
8.60792
99.8435
137.187
MET does not have solution even after MET smearing.
The solution is returned as if Delta was zero ...
0.336552
136.51
49.3481
59.5051
54.279
60.1824
78.2295
77.0668
25.5402
98.1105
12.9138
67.1609
205.086
104.036
92.2364
56.9191
53.3344
60.5061
30.354
72.337
86.3436
110.181
82.5631
51.0523
120.626
148.769
MET does not have solution even after MET smearing.
The solution is returned as if Delta was zero ...
12.7088
75.9013
40.0954
88.01
77.4585
43.66
55.9377
21.3944
88.9188
52.3617
76.0994
95.4286
82.3784
23.164
40.1771
61.5327
8.1148
49.986
46.0704
66.9789
67.2142
16.4256
16.3771
18.6001
50.9175
67.8186
63.9704
64.1755
133.06
78.2212
18.1435
139.023
MET does not have solution even after MET smearing.
The solution is returned as if Delta was zero ...
54.6066
83.5803
34.097
64.8381
70.2622
97.5607
89.1001
43.8919
1.93363
46.082
126.448
MET does not have solution even after MET smearing.
The solution is returned as if Delta was zero ...
98.7738
27.0853
79.8136
18.5461
63.182
85.6232
100.206
73.4696
99.8345
82.8706
64.4071
68.3583
63.0175
72.6341
57.8562
54.4563
197.346
MET does not have solution even after MET smearing.
The solution is returned as if Delta was zero ...
68.7447
81.3321
81.8018
85.4118
75.9465
75.1173
73.2978
74.5162
53.1681
7.22882
49.0629
56.8869
17.1002
71.8525
78.9091
109.643
70.5748
97.9231
77.0709
59.6811
96.5159
23.6168
46.6771
72.9265
63.0506
48.5932
12.7044
77.2473
74.4854
37.4388
44.3215
47.951
51.8163
66.6242
23.4104
65.6164
24.6944
93.498
83.1288
68.4195
82.9461
79.7124
102.757
86.7816
47.5795
21.6729
85.955
70.4724
62.1813
37.0465
66.0767
68.1466
92.5398
59.3175
84.7792
19.2309
94.0077
53.0711
81.3381
50.6195
107.036
9.77369
87.0164
62.334
26.7789
17.5956
58.8561
96.8799
90.5283
27.769
3.73384
76.729
67.4641
4.03032
23.5051
67.5822
72.6153
86.1696
33.2517
96.3759
74.4218
89.1081
71.2448
3.56006
71.0023
89.1727
74.1393
67.5756
13.6363
62.008
75.0892
59.9636
69.9204
154.677
MET does not have solution even after MET smearing.
The solution is returned as if Delta was zero ...
121.11
41.4099
14.9735
67.7175
39.8871
86.1239
73.4059
64.6916
66.7906
103.625
94.4491
84.7654
83.575
80.7007
66.7096
61.0589
63.8412
45.423
67.0933
21.0654
72.6166
15.5525
146.227
58.9811
71.8791
119.982
8.162
79.6467
74.8543
70.4621
85.8773
202.823
MET does not have solution even after mW smearing.
The solution is returned as if Delta was zero ...
MET does not have solution even after MET smearing.
The solution is returned as if Delta was zero ...
66.1769
56.5477
79.6719
52.4972
111.183
22.1874
52.1803
5.04737
89.1061
49.6711
17.3399
31.1831
97.5697
65.39
67.4821
67.6604
52.5687
5.88838
37.0269
66.3479
57.2961
103.295
64.1484
0.182109
97.8784
79.2314
51.7464
64.782
54.456
73.9397
54.1143
68.7335
18.4714
74.24
74.5473
44.7023
18.5791
67.648
17.2805
23.8868
88.6229
62.1698
155.54
33.1925
6.4019
85.3805
61.1335
23.2624
5.29539
33.1366
84.5329
56.8819
63.306
20.4435
26.7883
30.8714
35.2676
18.2211
83.6587
56.5622
46.9279
96.4993
61.8751
112.935
63.2469
49.8084
103.648
82.3907
74.4266
89.1741
31.4167
1.04691
82.3209
79.1644
41.744
46.076
22.5833
63.8771
100.769
134.192
15.8938
51.5332
73.2857
113.827
48.8031
82.8699
93.7393
17.3737
66.3998
37.9986
156.757
31.272
35.236
46.4705
15.1424
75.2459
59.8433
78.9438
34.8983
57.9954
61.9927
54.5004
99.9106
72.0961
54.9549
7.74364
59.7672
103.462
34.3617
47.8573
64.5795
91.0445
74.178
44.8468
89.6661
90.3952
2.83373
35.6938
46.6683
102.125
22.5701
62.3982
54.7145
104.437
before closing file input /home/nadjieh/work/samples/postMoriond/May2013/WW.root
before endjob
