**************************
SYSTEMATIC SITUATION: 
**************************
METUP SYST
**************************
file number 1: ~/work/samples/postMoriond/May2013/WZ.root
I am in tree = 0
inDirect
treeName: WZ_2J_1T_UnclusteredMETUp
WZ_2J_1T_UnclusteredMETUp	0x2b44440
0x2b44440 tree afterward
WZ_2J_1T_UnclusteredMETUp
6402
74.716
1.88813
105.14
82.1105
88.6642
26.2527
30.3692
40.6227
59.3034
98.8239
64.6391
57.6638
93.1157
112.215
61.4541
14.8029
79.6414
72.1149
123.679
MET does not have solution even after MET smearing.
The solution is returned as if Delta was zero ...
96.6034
77.6949
122.932
39.4463
75.0847
151.543
MET does not have solution even after MET smearing.
The solution is returned as if Delta was zero ...
103.403
31.2711
36.356
31.4853
29.8773
55.3476
122.896
75.3879
85.6693
56.4067
79.2089
18.1408
47.0276
94.6814
74.5365
13.0392
73.6853
105.935
64.6997
51.861
37.633
66.5051
22.0294
70.0412
76.1457
79.5103
28.284
78.1289
49.4575
124.771
78.9147
78.7978
36.7168
25.2573
53.514
85.0877
59.2181
107.038
69.1788
81.5457
51.7091
123.388
69.9556
13.2581
70.1904
76.3014
101.552
102.204
33.1946
4.13518
19.9024
104.708
67.2788
23.813
68.2217
74.8435
46.9663
53.5451
41.1379
99.1035
45.5322
39.4134
70.7642
107.248
91.5674
111.394
41.0408
28.6833
59.9883
97.141
48.4511
92.2579
64.0307
98.4548
149.249
18.3995
153.621
38.6937
62.0797
54.5717
94.861
106.07
22.498
16.0264
74.4233
107.051
30.181
20.1014
6.1764
72.1181
69.6806
96.7283
79.8808
93.698
27.7631
60.9456
47.8416
52.5619
91.5866
21.3844
79.0974
15.323
31.5407
62.8928
12.3063
11.0289
82.0204
70.4084
62.1788
11.3088
45.3778
42.5122
66.8492
58.2258
63.8097
65.5126
14.4666
80.6597
23.5589
76.4018
77.6024
58.5905
31.8058
23.9367
18.4729
43.704
89.9933
1.66989
98.7409
98.4789
47.8429
114.884
90.2494
31.7193
97.6395
25.2899
1.46217
72.5397
66.4448
72.5374
64.0348
42.5363
4.41441
91.5689
86.1482
41.3383
74.4945
80.0187
98.0285
67.8704
54.772
82.3559
51.9974
92.0965
91.0311
84.382
124.893
1.26168
34.0127
77.1944
76.0263
18.4936
90.5883
41.9658
88.6163
3.33444
79.5277
76.6861
14.2716
94.6947
14.7775
23.3661
40.6007
68.9129
122.448
46.7284
40.8756
72.3873
39.1666
56.4062
17.406
13.6533
72.949
84.3343
112.022
56.6762
63.6725
72.7734
2.13411
74.5783
61.2225
135.587
MET does not have solution even after MET smearing.
The solution is returned as if Delta was zero ...
59.2932
60.4275
83.7537
85.3843
50.3553
75.6401
6.45
72.1424
8.15053
49.0347
30.511
119.113
98.1693
66.9485
65.9267
41.2256
83.442
16.0334
102.717
137.36
MET does not have solution even after MET smearing.
The solution is returned as if Delta was zero ...
97.7008
16.4215
63.9499
7.49464
47.2459
86.1067
66.9446
72.5402
79.4651
68.7011
19.641
58.325
88.1699
48.2133
99.0908
74.8294
104.423
39.4984
33.5792
73.6167
90.5032
65.4203
44.8781
107.487
75.8072
84.2876
53.8256
5.12673
76.2674
86.5963
77.3887
26.2057
111.806
56.4869
76.8157
72.6917
100.79
91.8216
22.8341
83.1047
22.142
70.045
33.6011
51.3586
35.7241
21.9014
47.6003
53.4612
84.5809
65.0098
81.9556
86.9793
64.6046
62.9861
193.819
MET does not have solution even after MET smearing.
The solution is returned as if Delta was zero ...
9.03237
120.199
67.2082
93.0965
73.1488
47.7701
15.2334
50.3731
49.5317
48.361
64.3425
86.3451
90.4345
7.9573
67.8347
72.9347
76.9768
45.8482
77.8799
108.806
52.711
46.2951
75.8875
80.7587
3.93637
61.1278
52.9214
139.737
22.7768
13.462
24.8889
73.7735
20.6869
63.2935
82.9723
84.9871
100.968
41.3793
70.3026
141.989
MET does not have solution even after MET smearing.
The solution is returned as if Delta was zero ...
84.3886
68.318
78.6753
47.3049
65.8142
100
87.4087
29.9493
82.866
66.4759
53.0084
77.5986
47.3851
53.1697
67.6725
29.8201
69.3593
70.1266
13.0982
41.3355
69.9539
100.652
81.8265
29.6498
65.2539
95.2051
68.4098
23.1321
70.5257
3.02396
42.7783
70.4444
75.2578
201.573
MET does not have solution even after MET smearing.
The solution is returned as if Delta was zero ...
55.4309
71.0717
59.5953
88.427
69.1989
87.2943
62.3376
57.2517
11.507
2.73226
183.604
MET does not have solution even after MET smearing.
The solution is returned as if Delta was zero ...
67.1659
24.3446
89.3893
81.4716
35.9044
89.0723
96.8482
113.218
77.44
141.13
51.0835
158.799
MET does not have solution even after MET smearing.
The solution is returned as if Delta was zero ...
5.88133
89.1161
106.841
66.4413
71.3393
95.7188
34.1997
71.9561
126.383
96.1656
41.3706
76.4697
76.1837
23.7643
49.8713
81.3164
77.4785
41.3114
62.0592
71.3265
67.3907
76.5237
85.4976
74.462
92.0451
69.5902
26.6545
93.7874
72.7036
34.6396
69.6205
35.756
98.9219
43.9863
88.8852
22.7371
1.0433
90.9809
63.5479
118.466
68.7266
9.66646
116.726
67.9952
58.8969
69.8337
54.8982
69.3095
74.4461
70.8513
30.5568
47.8977
89.0441
47.3243
9.27418
25.6712
46.6863
85.413
72.5495
102.764
108.409
67.7534
16.8677
86.6189
73.102
19.3584
46.6544
28.1995
95.8634
89.7533
93.322
54.6903
100.048
73.9468
45.3393
92.5948
69.74
94.2906
92.9569
59.7529
55.9202
49.5375
82.1002
86.4372
73.5502
79.4249
87.211
67.6993
28.4751
81.8946
92.4722
83.1233
10.7737
87.1929
50.9662
67.2122
50.7497
56.5933
5.80319
67.0257
23.9586
97.5894
90.5209
10.6564
85.534
72.1054
72.0145
86.6007
54.5914
2.31576
84.2126
102.305
122.698
27.9446
199.666
MET does not have solution even after MET smearing.
The solution is returned as if Delta was zero ...
78.8969
93.997
93.6482
16.6976
89.7373
59.059
33.2772
84.699
50.6804
69.0672
68.4614
106.52
37.1227
72.0943
83.4813
48.2987
79.2054
59.1218
105.913
38.1374
63.3132
45.3344
74.6776
59.9643
53.787
73.5511
29.6225
57.6142
26.2805
48.0864
55.4752
40.7476
108.022
93.5127
14.1717
58.7191
50.9425
78.85
0.0043253
88.0711
52.2109
35.6685
104.127
104.381
35.8976
32.3607
69.9598
48.8885
73.165
55.4039
74.4438
78.5482
46.4866
14.0742
75.2564
64.2421
42.0057
84.5547
44.1689
64.5201
85.6469
46.601
72.0144
48.1343
54.2278
63.411
42.4089
119.665
3.28702
37.1265
29.5689
72.504
32.5906
63.3817
53.5347
76.8554
90.7955
26.8489
60.9326
60.217
86.7166
74.3559
31.3911
52.2738
75.6049
55.3904
67.6141
50.5898
61.259
80.5123
116.464
122.189
39.7444
84.2463
49.573
91.3062
43.7902
98.7769
94.5173
54.4112
8.91539
83.9247
60.8121
46.2059
70.7178
168.509
18.4602
12.1349
55.5017
41.9012
67.1833
9.09442
40.297
28.538
39.2196
39.5061
89.9678
97.9917
30.0112
77.5526
22.4842
95.802
6.48097
70.3271
52.4489
20.003
54.2117
77.5605
62.3041
17.5702
65.9612
37.6958
83.5333
42.8335
39.6534
72.9277
123.982
88.3138
38.5549
98.647
61.7709
1.92569
80.2497
46.8457
27.9773
84.227
57.266
91.1829
54.2531
73.4851
57.064
73.2184
65.5249
43.7615
73.6371
21.8202
66.8499
69.3036
81.19
10.4598
69.3362
118.025
32.722
71.0367
61.1403
1.65367
9.03745
23.211
49.1655
22.2816
99.2248
75.0531
43.9781
70.0889
90.4437
70.9246
52.3269
31.3584
124.5
19.2504
52.2987
91.1917
101.906
37.2635
97.7059
60.1374
64.3747
34.0788
84.5346
8.38713
54.3363
68.2621
31.6502
64.8197
65.9713
55.6212
77.6878
20.4917
48.5799
20.9715
34.9582
52.5922
80.8832
46.5388
75.0129
67.4788
51.4009
23.678
21.3253
37.7892
54.8089
86.2818
3.70859
81.5658
84.2845
117.034
53.2233
66.5763
51.214
66.8454
56.9962
76.5286
55.6149
84.7322
59.5672
88.3115
52.3399
50.0711
75.8097
79.712
78.2302
78.4667
58.3911
98.9155
53.31
68.8436
35.5685
75.2324
4.44958
88.8512
72.2224
28.7826
71.3169
44.6016
46.0565
60.9096
87.0235
12.3349
59.1743
88.6072
76.888
54.5522
116.602
59.7873
75.9847
90.543
67.5874
3.23318
10.3458
86.94
68.2768
62.7152
42.5873
12.4699
24.5711
21.4162
81.8618
64.0812
131.334
53.432
57.3146
25.6809
109.365
79.4629
66.8359
93.8302
50.7893
92.9066
29.5011
13.8686
46.6346
62.1495
88.0506
86.7782
93.1106
85.9371
29.455
49.0094
95.6298
123.036
58.5786
65.9979
81.687
88.0576
50.6316
43.5974
79.2734
87.3207
84.4437
28.0654
71.6279
72.2143
17.4745
80.9555
7.48995
124.651
17.0257
42.6985
97.0115
88.5224
36.4028
21.6276
45.636
72.74
35.6152
88.7847
115.723
70.7835
38.7186
67.7631
59.9396
16.8072
52.0289
76.6895
26.9163
70.2438
72.6704
62.7353
49.2471
97.9467
86.6407
35.8809
23.7595
144.295
59.6409
11.6997
58.745
57.1818
81.2524
38.9691
98.1418
81.3711
75.2844
43.6761
53.4621
73.7237
32.9021
39.9561
79.5551
90.2484
73.4261
55.8072
4.90276
108.302
30.2057
71.6095
33.6128
11.7496
119.997
63.7853
60.9378
71.2962
51.535
58.7992
81.3069
123.519
49.3751
8.23848
61.8265
30.857
33.4682
35.432
2.79989
84.595
93.6094
106.364
46.6497
45.1128
39.1911
36.4291
32.5155
81.7961
86.0089
31.3245
62.7378
76.9748
89.176
51.5293
56.6416
62.553
28.1885
1.7575
27.7996
66.2993
43.7924
54.3336
85.7058
16.3168
83.8747
14.5758
69.6455
32.9734
103.425
115.93
69.0816
98.4537
120.098
56.4643
81.7481
48.5051
75.7606
93.8496
28.0171
120.648
71.7996
63.9429
46.8276
33.5155
77.7455
44.9321
43.5805
29.3557
63.6976
1.51962
66.3105
80.6387
99.6584
49.0949
1.66326
97.0614
42.6841
95.2718
12.4438
58.8866
51.2666
81.2024
141.434
67.1021
108.331
107.125
51.2856
10.4907
77.739
59.0685
30.1653
88.8262
48.3533
52.3856
10.0361
39.9828
84.2634
2.06554
87.817
82.3674
129.538
84.6689
37.8625
75.8826
87.0703
10.5981
75.9771
118.337
65.6857
31.9125
83.8893
60.8604
40.2613
85.2237
30.7062
84.6601
77.0303
20.133
71.2319
53.2793
59.5251
53.9694
8.47821
98.9618
27.9124
60.5069
4.72693
32.7874
33.2247
33.481
40.2642
76.9891
71.2741
72.172
72.5156
44.7978
46.5649
50.1678
104.781
79.3531
47.3794
71.9739
20.3178
81.0685
75.8194
4.48625
29.7656
44.3066
81.6452
85.3364
97.6195
38.2556
87.4055
12.1513
51.3453
74.7935
48.715
61.452
58.0127
75.548
51.9314
58.8485
41.7571
16.9076
34.7069
51.1565
92.2698
59.9786
59.9035
91.5674
38.4625
62.9036
164.475
48.1462
2.73003
82.4042
71.4548
42.5965
21.9855
78.3177
93.6891
75.0867
77.7724
13.7728
37.9168
52.1014
60.1047
94.116
23.1495
28.4841
19.9971
16.9512
85.1167
9.89384
56.282
59.1738
73.6827
73.3087
89.5123
39.5191
55.4594
80.9498
45.9626
69.7628
111.345
92.9757
21.584
31.745
64.4668
66.7447
17.2228
73.7741
92.9315
36.511
80.5064
46.3827
70.6942
95.5376
108.406
122.371
84.1481
51.596
80.8278
6.9588
94.1679
71.4789
89.9233
106.91
74.6697
54.2207
73.22
74.2673
102.274
40.6369
26.4393
29.7629
69.371
62.9999
13.5326
124.448
73.6402
90.8287
84.8029
63.4344
63.9357
72.038
95.6023
35.0837
9.67489
77.3149
77.8844
33.5683
50.0948
61.4236
82.4109
75.0115
60.3085
0.762717
50.2098
29.9813
48.2073
65.0755
86.0689
24.8319
45.0118
24.9598
77.9232
56.6233
70.1849
92.9348
151.946
85.5559
81.5296
66.8293
45.4065
61.8812
57.7254
38.9645
49.5363
11.7584
32.7883
63.5865
44.5493
23.8572
33.8373
62.3814
25.5248
44.5311
75.8756
104.692
34.6209
64.3421
18.9928
91.1317
85.5083
19.5419
15.9087
11.0946
47.8886
30.4038
64.3447
82.7982
79.8121
16.2444
146.724
72.6309
74.7967
81.0899
74.7913
37.8238
62.2154
52.2291
21.8384
46.5191
73.4561
77.189
76.9053
88.7642
27.3218
150.888
MET does not have solution even after MET smearing.
The solution is returned as if Delta was zero ...
48.1166
23.4993
61.4941
103.152
42.6267
8.54636
41.7928
83.1255
19.3666
36.3315
6.59903
41.2472
42.8834
16.1916
56.8119
97.6295
17.3065
82.0027
58.6156
50.4443
24.0217
59.1902
17.7247
22.6331
90.0453
27.6168
90.5809
38.6416
57.5558
77.1291
76.056
73.4738
11.5138
90.584
73.7631
52.871
12.8878
22.3675
90.9987
92.4799
70.5009
8.84046
63.8008
16.7707
51.0926
78.8572
49.6867
26.2502
70.0807
68.7128
3.92054
67.7643
26.7621
72.7699
82.6296
56.767
83.217
50.3033
64.0439
45.5363
58.7537
156.368
MET does not have solution even after MET smearing.
The solution is returned as if Delta was zero ...
81.0217
3.34651
92.5543
107.116
115.115
78.8466
45.8286
113.362
70.1486
47.2094
76.1833
46.8269
103.755
78.263
71.7583
71.8683
142.819
91.9954
10.7538
52.6754
83.5661
85.7676
36.6603
43.8919
80.875
71.1231
42.0193
94.1528
6.79524
55.1181
75.3811
70.8896
12.8897
28.9676
44.8507
66.6196
51.1386
42.655
29.9315
8.56024
63.316
69.3346
84.0521
58.5698
13.7234
74.124
62.1041
68.727
31.492
19.5615
105.252
65.0923
89.269
112.27
134.248
0.261869
83.8006
4.89759
78.9117
94.3835
63.2062
72.4583
13.5129
75.6873
34.7295
28.3909
62.8077
90.5365
67.604
46.7822
38.948
49.2408
86.1779
59.4026
78.2952
143.785
MET does not have solution even after MET smearing.
The solution is returned as if Delta was zero ...
42.1931
53.5456
29.1011
27.9644
38.4131
35.8802
18.8087
102.167
35.6767
99.1967
42.5048
46.5824
67.6302
88.8415
62.3631
40.3718
47.6134
43.6258
37.123
69.1416
45.9608
60.5707
100.01
94.0261
53.7933
48.6432
3.07513
69.058
80.6256
55.4461
37.2371
98.3339
100.346
15.4911
90.7078
108.933
71.6454
99.6382
80.523
6.66182
54.0881
73.256
97.5139
86.6204
55.5842
135.413
57.7617
59.8202
77.6168
111.917
87.4255
40.9483
17.1872
70.1545
30.2133
10.7437
102.021
85.6578
53.8522
84.8661
10.0058
58.3687
18.3206
72.3902
53.6473
76.9833
27.4168
42.7694
30.3165
66.6875
90.7947
81.0228
57.2773
84.7295
77.3842
77.549
65.1333
70.8115
32.8253
22.5297
134.536
68.8318
62.3863
122.889
85.9465
76.9423
43.7125
24.4061
12.3525
74.4421
84.7435
64.7217
82.9053
7.78464
70.2164
108.273
34.3273
49.9166
56.8146
47.9886
78.1752
84.9178
37.3244
5.07121
13.7403
36.9206
33.0337
62.9341
5.29555
122.934
18.5085
11.9967
16.0246
82.8336
134.119
MET does not have solution even after MET smearing.
The solution is returned as if Delta was zero ...
49.5538
62.0065
42.0184
60.4835
72.7678
78.0697
91.3945
29.971
113.592
3.59756
86.7667
31.3821
31.3206
81.0235
68.117
51.3809
23.0995
47.8725
22.1967
59.7826
67.0478
59.5529
22.7915
17.7435
35.7434
85.7091
67.4788
78.0878
34.3239
34.363
55.5996
76.3812
80.7755
96.9658
106.898
44.2827
78.2948
86.5559
85.3976
31.4248
89.2545
6.48439
84.2056
25.6993
85.2669
75.2861
76.7242
38.6908
83.2571
92.0943
48.4587
68.6435
52.575
24.1805
65.682
11.7221
69.4199
11.7535
111.78
60.7677
40.2617
65.6533
69.5653
45.2373
30.1365
85.8375
45.4578
81.9828
47.7786
56.7081
39.0209
9.42764
6.3859
75.2798
32.8022
61.1219
88.5435
115.798
1.67569
4.34547
31.8179
71.8866
64.7856
15.8999
34.4077
43.3643
101.094
90.712
35.9411
54.3891
106.097
99.0192
87.2415
76.2735
61.9066
69.1479
88.8406
65.5899
36.4727
66.6704
46.2057
35.2248
4.58265
45.6507
6.63327
55.0975
82.4792
11.5501
56.1441
84.7572
45.656
89.2666
83.7507
95.3277
14.7672
42.6844
24.9965
65.2176
64.6252
45.748
76.7879
101
153.445
88.5989
15.5733
89.6653
54.7146
81.8647
48.4424
66.814
133.282
70.3777
65.4304
41.1257
28.5094
73.9351
89.9304
24.0855
3.36983
64.73
130.199
69.5314
87.3484
65.0409
103.377
16.1763
51.086
145.957
MET does not have solution even after MET smearing.
The solution is returned as if Delta was zero ...
52.651
2.16172
77.5072
62.292
78.7381
95.8053
20.438
32.6625
59.4611
69.1421
66.7309
100.752
73.7806
1.84337
29.049
99.6424
74.3605
77.0387
30.7255
77.2586
39.3002
46.6706
63.8958
90.6971
80.3911
79.7916
69.998
19.0925
85.2229
21.6897
23.826
47.5606
88.8688
115.671
73.9753
67.6674
71.8784
35.3373
109.709
52.6562
69.0831
93.9852
111.583
70.5426
73.2063
81.2237
68.914
76.3189
108.717
57.0686
77.0172
57.1586
126.696
82.7584
119.034
29.7373
81.2921
91.786
5.49485
85.2725
46.7878
15.0155
86.5445
56.0977
66.3645
47.1785
87.2153
115.737
23.5906
46.5215
39.5921
61.8376
19.6913
74.3423
70.545
73.8389
60.93
17.8173
29.1073
70.2227
55.5018
36.6412
11.6448
52.0615
78.352
77.5542
71.0762
11.8621
86.1974
79.6873
11.0377
22.5685
81.3842
97.5838
33.2452
78.8262
61.4723
3.81463
114.5
69.2609
16.3308
46.6841
84.5577
48.4841
42.9977
17.9831
53.9797
70.6851
12.5426
31.0682
12.1313
66.2205
55.5583
121.077
29.8575
78.1316
5.14667
23.4084
46.2986
30.9813
83.2543
68.6908
11.7015
21.6168
81.6067
1.44247
59.3333
37.041
64.4821
79.4695
15.5076
3.164
51.1659
6.64014
68.8018
54.2185
72.583
34.2119
48.2741
30.6949
22.7487
46.164
43.8821
52.5979
66.2056
59.6853
39.6565
65.9673
9.99105
99.2379
72.5671
92.3498
72.007
75.2431
44.4796
78.6191
58.5312
3.78583
46.5114
12.8429
112.273
109.146
78.4775
67.5142
14.0781
39.1285
15.2071
47.2175
51.889
24.1133
32.9776
2.76376
38.355
11.3453
82.7673
13.0403
79.5237
83.6635
1.44993
0.223574
30.5516
97.3718
18.244
71.3817
20.9966
67.2641
85.7808
49.568
60.1159
19.8329
39.2471
67.4368
32.7717
115.652
104.696
80.3278
98.8586
91.6676
54.8118
13.8514
57.4762
56.5703
130.139
86.2522
64.7759
66.1017
99.3425
13.5459
64.9393
79.0246
72.0905
77.1752
82.867
67.8776
50.3787
75.0876
33.2037
67.6402
28.5048
93.1911
73.1274
100.357
55.5687
113.525
61.0416
78.1919
69.2195
69.4602
48.5037
48.7045
87.464
20.0937
31.837
65.2668
72.3433
96.0728
73.0236
17.9066
30.2083
18.2936
102.323
57.4117
27.9529
21.5416
98.0704
51.697
64.3717
79.0943
89.6596
8.62118
86.5309
21.0066
36.5537
24.0611
25.0488
61.0015
44.8298
74.6102
2.63896
41.648
8.40945
86.9633
1.8156
72.8057
8.20888
62.6051
39.3493
77.5302
13.4764
27.2136
51.3677
18.3948
85.6499
15.032
38.0886
116.521
65.4215
92.6515
47.2635
77.4973
54.2937
70.5663
93.3065
73.6417
107.783
79.2012
73.0697
79.2605
130.21
17.0164
62.3186
21.9444
9.97796
62.2407
87.1518
75.0363
57.6505
14.4248
21.8943
28.5477
64.6863
66.411
46.9608
59.7292
26.1182
37.8251
89.8627
81.0646
26.5359
90.9178
145.136
47.8355
7.43105
93.7162
71.1597
50.102
18.5706
59.2056
43.4875
61.869
88.2684
142.156
MET does not have solution even after MET smearing.
The solution is returned as if Delta was zero ...
56.7875
38.3243
62.5423
8.97565
51.7894
56.9985
73.8927
69.4625
43.1038
116.466
57.2097
49.632
45.7656
138.232
MET does not have solution even after MET smearing.
The solution is returned as if Delta was zero ...
75.4519
40.0995
28.7449
67.316
55.6508
29.3974
4.97659
320.392
MET does not have solution even after MET smearing.
The solution is returned as if Delta was zero ...
72.9213
3.54984
72.6864
77.6087
23.8498
50.3669
83.1633
64.5851
6.4016
88.3228
57.192
45.6414
96.4069
79.1374
67.3265
21.9189
30.9395
20.9717
69.2946
67.0222
80.3291
61.164
91.1662
91.008
84.018
15.3566
93.7782
69.9116
78.9787
64.4711
18.6675
58.4078
96.0192
129.106
MET does not have solution even after MET smearing.
The solution is returned as if Delta was zero ...
16.8158
61.1912
61.4748
144.566
67.6778
65.1369
81.5946
22.1637
134.428
89.383
8.82432
85.426
75.0981
85.0439
56.2356
79.4123
84.742
72.7701
82.5937
37.8776
4.1353
32.2981
41.1326
76.1289
35.5558
55.2039
40.4645
29.2039
68.5022
89.4035
65.0581
91.1424
43.3344
70.9018
93.3859
113.119
15.7319
14.8099
13.925
55.1652
66.0902
105.887
66.1492
48.8675
83.9445
45.8952
76.5471
6.57589
51.7012
40.2368
42.1408
106.742
60.7755
29.6516
71.4395
51.628
27.1156
72.1914
2.8891
65.66
77.374
87.5053
94.5555
70.9642
12.4237
58.6814
116.242
102.604
131.05
71.6307
49.3525
85.061
62.7376
76.7519
78.836
63.0482
90.2742
73.5744
124.518
57.666
88.9175
80.1586
78.7021
68.402
71.1027
79.5763
81.247
57.6515
96.5618
68.8131
83.0162
126.534
69.5242
40.1232
109.881
80.9122
88.4039
92.2118
106.208
45.9083
79.1288
107.586
68.26
49.5491
48.4634
70.264
65.8002
43.5579
73.5233
11.504
55.5407
64.0281
83.7843
74.0886
54.5196
45.6109
81.8835
15.7894
76.4081
54.9301
64.303
142.386
MET does not have solution even after MET smearing.
The solution is returned as if Delta was zero ...
22.9171
63.947
36.2068
93.927
94.7202
65.8815
76.3372
30.6539
9.38253
19.2369
53.1368
56.3091
54.8522
46.0543
25.7237
94.1231
56.7387
13.9149
76.3489
81.5911
70.5114
31.6155
101.42
97.4806
77.3858
56.9001
9.79113
106.091
25.3746
49.6887
67.0433
82.6151
68.1366
55.8603
19.5833
86.8738
89.8687
118.454
41.4513
45.0444
21.8277
67.3279
51.3448
62.507
80.8818
32.4367
54.0281
21.1241
63.1114
82.8578
42.6735
116.03
106.582
82.1837
61.9335
182.525
75.1079
45.9937
29.9238
99.9004
98.4828
62.9947
82.7704
51.5559
29.0591
32.9776
95.9888
86.0025
79.9139
56.0797
50.2143
58.4723
80.3237
93.1328
56.0999
12.1065
60.7205
111.34
42.1975
97.4226
71.4233
73.9709
12.1648
73.3257
89.2125
74.834
23.4983
70.1137
17.5953
120.99
82.3451
12.438
66.3501
133.358
46.703
67.9585
83.5616
68.5839
40.6116
86.1079
14.8465
85.9255
26.5666
31.4837
53.637
8.30109
54.7259
133.007
13.4054
66.7641
28.5379
84.1476
79.3765
6.43508
65.8001
74.2193
96.2115
54.2595
82.1272
78.3735
5.37868
30.034
78.4743
34.236
70.2638
78.9167
48.3803
42.0272
64.6426
51.2391
57.9042
85.5695
72.3987
106.095
5.14576
116.068
69.4981
12.9527
60.0343
13.193
5.77205
24.5761
78.7521
92.5096
38.6101
63.3665
52.7446
79.1429
46.1934
48.9872
34.0111
84.1579
23.2708
17.1487
89.9522
70.9344
30.124
65.8932
44.2634
78.2099
57.8521
78.9759
104.978
95.4663
14.1368
111.099
76.9485
60.2889
105.696
94.4224
7.19853
70.4822
94.1836
109.491
72.1572
51.1046
75.1666
47.332
57.1907
58.1663
56.9185
80.1603
76.53
70.6827
73.894
27.5761
86.1779
49.5604
77.5368
87.1679
83.8935
68.3212
26.0783
90.1841
64.8228
88.3138
61.974
71.5079
14.8345
62.6045
78.6733
36.1747
25.326
106.522
7.10852
52.5048
25.3528
61.075
59.5087
98.6859
55.1957
64.4353
7.17534
62.2667
101.31
2.68359
32.6854
82.6276
48.0756
49.9975
28.9214
53.9085
70.6606
63.6262
68.1719
14.8895
102.529
19.862
43.5626
100.313
95.3043
25.1094
55.7291
7.82569
97.5456
88.4444
36.9473
8.92059
100.994
71.1737
62.7479
102.061
14.6511
64.0239
90.8633
56.4859
93.1455
136.686
86.4759
65.3112
56.4752
83.1107
43.1134
64.7624
75.8186
80.8043
41.0334
19.8998
61.9757
66.138
70.0299
23.0169
77.6366
63.1552
17.4467
2.59587
115.799
71.8132
66.303
48.874
41.8949
115.473
52.2555
82.5061
61.3056
63.276
16.2871
26.7958
53.7624
29.8553
46.5778
14.7031
30.8508
72.9723
66.7445
78.231
65.6763
53.0308
75.0245
72.978
11.1313
89.8563
79.3433
55.4849
84.8193
74.9404
37.9038
42.7901
74.1587
79.3706
37.4318
51.1709
17.3723
54.289
93.7138
76.0967
58.3494
27.4837
62.3992
83.2059
179.741
MET does not have solution even after MET smearing.
The solution is returned as if Delta was zero ...
66.3133
66.3489
85.6252
77.3227
50.2251
50.9805
37.5565
57.8968
82.686
64.8047
40.9913
41.1254
91.5048
32.7632
158.169
MET does not have solution even after MET smearing.
The solution is returned as if Delta was zero ...
32.4501
64.0628
120.287
69.8672
74.1965
81.3563
7.21249
68.7325
75.1231
4.94723
57.5105
126.317
54.381
26.085
60.2542
56.1565
69.1003
70.6157
51.6209
73.2566
129.611
MET does not have solution even after MET smearing.
The solution is returned as if Delta was zero ...
46.3856
65.4282
64.4297
8.70966
20.7996
29.1326
114.162
109.111
75.1683
105.171
80.652
14.6592
19.3185
80.6327
115.016
62.2709
54.257
18.316
26.0307
93.8627
13.8658
54.4106
25.4826
25.283
52.6554
43.2578
98.8247
76.7758
18.2553
51.9654
99.9582
55.83
68.392
73.3441
55.4633
49.5104
74.165
92.4898
86.1595
57.8061
49.5051
100.039
81.8913
34.164
40.6038
27.9109
40.9082
53.3368
68.9541
15.6088
55.7499
40.0234
69.0049
67.1872
52.4893
7.57879
64.2282
78.8403
60.5708
78.212
76.4313
99.0927
20.2921
53.161
5.42418
98.5478
136.966
MET does not have solution even after MET smearing.
The solution is returned as if Delta was zero ...
31.1177
39.6042
7.66277
89.2674
38.2607
95.3347
64.7361
47.6707
2.60095
83.7336
72.5303
71.8765
78.1359
70.1871
69.2992
72.8852
80.843
79.2657
44.9659
85.2644
45.4199
56.2337
85.8543
51.2321
30.1516
131.16
75.6058
71.0375
51.8017
104.377
22.6822
38.374
91.6051
31.1297
44.226
75.2581
7.94819
55.8245
20.8725
78.7836
84.4298
54.7213
78.6384
61.8937
82.9413
41.4504
106.143
50.2412
45.7266
70.5634
88.4969
71.6365
64.1586
42.0556
58.5069
44.8762
63.4483
41.0368
67.5202
33.759
71.287
44.3554
20.8708
54.8957
61.9174
73.4797
100.532
105.382
91.3011
43.9141
18.4288
15.1493
23.3011
9.54094
81.0862
4.56681
102.278
70.7913
23.9675
27.7702
103.653
12.8897
10.976
85.2479
35.8659
54.6638
75.8533
80.1484
114.293
75.3586
46.4587
72.8137
47.9604
19.1973
83.8204
43.0643
86.3957
93.8017
86.8224
95.9627
56.6489
65.8868
56.6072
19.9318
56.7868
67.309
53.2963
71.2051
14.0981
57.6397
99.2942
43.5404
40.5497
83.1432
87.1557
52.538
72.9961
87.0071
55.2993
51.1364
63.711
63.8834
69.4455
58.8489
57.2969
2.97426
76.214
73.9279
37.8982
30.0713
45.5331
119.74
62.2742
4.30314
25.7844
18.6267
107.3
6.97774
54.1387
59.1104
46.0458
84.8764
49.4286
87.2523
86.8109
27.2444
91.4033
54.1053
68.3548
77.9295
32.9477
80.8126
73.1092
152.706
10.1559
54.6336
100.431
96.9703
106.734
22.1375
10.2778
7.49177
31.6206
21.1719
62.8683
58.5999
25.5869
95.3601
34.8942
30.8442
0.318562
17.8245
56.3467
21.6749
63.1936
15.7133
47.6388
85.7353
18.216
120.896
2.23385
80.4991
30.5135
46.9528
104.58
103.206
28.4532
48.6355
54.3338
81.415
81.3509
145.222
58.1989
121.373
77.2523
85.5891
115.888
32.1342
23.5283
42.1774
71.3591
48.1826
73.1661
0.883376
26.3415
75.4016
81.7388
92.761
107.39
4.38144
30.8685
49.1834
38.8403
88.3364
55.7322
87.5888
88.605
60.633
44.3954
91.7609
82.8777
4.78255
52.7865
3.19897
98.8689
72.8877
95.3754
12.2713
14.7919
31.6202
53.5194
53.6536
110.29
71.8321
82.3635
52.9724
108.041
58.3726
63.1098
67.6535
59.9422
81.2512
6.90787
21.3025
84.2061
51.0732
80.1904
7.00132
50.5153
62.9273
80.7396
6.76974
38.7813
85.3217
106.757
16.7929
4.53245
136.06
102.478
62.3865
101.77
71.6772
9.11025
78.368
9.90572
131.109
54.5919
88.7228
4.76329
73.0309
70.8369
43.8595
74.1687
25.7232
19.0215
47.2411
2.01274
137.736
64.8459
103.21
21.1434
70.4522
48.2533
27.7792
64.1928
17.0587
42.6564
82.1622
84.0982
76.9642
26.2391
47.639
39.419
12.3523
82.4826
70.2783
65.1475
74.0386
8.06438
84.9528
77.8829
90.9817
49.0295
49.7621
26.045
57.6905
20.128
85.124
51.761
32.5271
56.6813
63.9222
15.8557
63.0316
40.8706
73.4015
105.898
22.7493
34.718
91.5875
51.743
82.641
41.9623
65.2598
47.0905
93.3588
79.6626
88.7321
93.3112
119.391
90.433
95.8389
50.3267
31.8535
78.23
71.775
48.6947
17.7889
70.248
59.13
72.472
130.336
30.0227
4.98401
94.4909
58.7355
25.7757
61.1252
65.3439
61.5289
45.7791
65.1689
1.47378
47.5276
62.5367
117.068
0.909968
105.439
88.8448
74.4242
75.2616
24.799
56.67
32.2241
42.792
77.4625
70.6283
39.2553
63.2831
11.4028
75.1408
70.4072
11.9009
72.9463
52.1046
42.7399
46.1474
65.8631
64.1142
54.0774
72.7982
40.7007
85.2868
64.0552
76.5822
67.5506
57.7245
68.4319
75.8538
44.999
101.694
10.823
56.4618
46.8174
45.148
72.5741
0.850646
71.1723
53.0724
68.1851
36.2052
81.6421
83.5225
57.2105
96.9072
48.6051
162.644
52.5656
24.9728
85.6946
81.3902
13.4539
61.2653
144.844
MET does not have solution even after MET smearing.
The solution is returned as if Delta was zero ...
99.5454
76.2383
36.1401
65.0774
35.2596
81.2065
77.3039
14.7887
77.3242
49.7514
50.7268
71.572
53.8301
97.6648
40.7184
40.7151
46.3317
103.543
52.1995
61.6294
107.236
49.2244
17.8573
77.0088
31.2116
25.7697
65.1825
111.653
47.0769
55.4976
58.7798
58.2116
37.757
61.2597
30.0285
70.1457
34.3657
80.3561
79.2042
4.59806
56.9658
122.606
77.4867
87.6563
114.874
77.5078
42.9689
91.7123
109.862
69.1397
78.0339
93.6481
46.7571
123.669
63.635
28.6938
43.1466
30.8363
80.5773
19.0904
24.722
39.8354
86.7523
83.7672
19.3788
51.071
58.1217
3.67243
25.1313
33.129
29.1951
20.0976
58.3481
48.1801
68.4423
82.3864
33.7731
60.503
60.0712
94.1946
86.7375
51.9133
28.5054
78.4957
64.1258
88.0647
65.0459
71.9038
2.65321
16.9983
91.7649
80.5571
74.149
83.2445
76.3514
82.4299
76.3423
94.869
32.8376
48.5621
81.7404
56.9718
73.9391
20.4593
74.8634
64.8567
52.327
36.3737
25.8231
83.6556
122.64
MET does not have solution even after MET smearing.
The solution is returned as if Delta was zero ...
132.825
81.2371
98.8918
119.773
44.6599
11.8088
67.4747
148.297
MET does not have solution even after MET smearing.
The solution is returned as if Delta was zero ...
107.083
19.9515
32.2995
56.42
55.059
79.8914
43.899
100.248
77.1524
71.205
74.6479
60.5701
76.9501
90.3852
62.348
41.2373
90.6331
130.434
MET does not have solution even after MET smearing.
The solution is returned as if Delta was zero ...
94.1487
66.5319
95.8902
31.2405
32.7674
26.1464
122.524
82.7713
62.2657
55.6554
19.7746
68.5738
86.3237
16.8945
56.8063
59.0531
22.1511
46.6614
62.4554
88.3243
25.0879
25.6852
89.8368
6.34548
85.0771
46.5108
71.6558
14.8099
68.674
38.8003
151.519
MET does not have solution even after MET smearing.
The solution is returned as if Delta was zero ...
102.21
33.1507
37.3774
1.58169
6.31431
20.8791
121.171
64.2444
70.3434
26.5233
28.5137
87.4532
101.927
10.6263
69.8705
16.582
73.7066
67.0048
53.0446
52.8232
68.3287
62.1479
111.366
57.0193
2.17624
87.4435
16.0257
50.5826
76.5151
58.268
87.9876
40.991
99.2269
18.5302
50.4687
11.6638
80.4947
92.7557
85.3085
57.6091
0.454791
20.5664
115.384
33.0051
39.8758
38.4184
118.996
74.9112
83.5073
79.8838
74.6566
91.5809
49.388
79.0018
34.3499
74.0643
18.237
51.924
62.5816
76.0289
67.5012
77.3662
18.5182
83.0989
68.2667
76.627
59.0538
52.3559
68.718
57.6908
43.7494
140.387
3.68779
71.5237
51.7099
61.2384
6.49666
91.211
73.2001
86.4295
85.9988
45.9261
60.6636
40.3324
90.4678
77.8157
105.227
86.2262
82.9939
71.4803
116.467
95.0979
53.9524
98.0436
105.233
44.2983
92.9365
50.7339
23.7772
84.2991
49.4424
66.4371
63.6381
41.5668
29.1251
80.5885
32.986
83.286
70.4411
86.443
69.3189
58.6293
89.4711
48.1214
35.2927
53.1655
47.6316
69.3536
85.5721
57.641
14.2244
51.4601
88.7152
71.2158
87.4022
0.868391
62.1703
73.0321
69.1684
22.4205
70.2806
17.8489
4.34339
77.3823
79.061
20.3681
68.3211
53.1685
61.449
27.7184
72.4148
96.2547
18.553
55.5146
83.157
12.7499
15.1386
121.178
11.7985
41.2388
63.663
81.0343
72.864
36.58
72.4563
78.4556
16.7617
63.8372
93.6924
81.4023
59.2376
73.0789
81.1432
66.6419
10.3642
11.6869
13.4538
63.7826
73.7248
114.229
52.6576
70.3798
67.9964
4.60745
6.6553
103.842
71.6072
67.3702
41.2959
77.6114
42.1511
55.2571
53.921
77.104
2.72742
58.0492
53.4653
53.3645
55.1316
74.3622
173.069
MET does not have solution even after MET smearing.
The solution is returned as if Delta was zero ...
76.8403
62.5362
23.8614
77.3198
71.7202
68.3094
96.0555
50.4353
98.7574
86.5614
68.3572
94.1663
100.279
54.7958
101.609
65.5292
64.5716
73.4515
89.55
14.6923
76.2263
108.17
76.4808
38.8326
12.6602
28.905
77.6637
79.1566
23.4822
7.63354
62.9951
102.745
47.037
106.882
64.6237
73.0286
84.9077
61.1184
90.5211
84.4137
84.1965
34.2306
31.1416
56.3929
50.8056
14.5147
126.853
54.481
28.7424
63.1755
91.0768
60.5491
129.07
98.2874
50.0076
11.2163
49.7184
84.734
34.451
48.1858
68.8757
57.4426
71.9552
21.6726
83.0918
97.0885
62.821
33.6592
86.4768
46.2426
66.0384
57.7621
56.5335
64.9943
67.8984
25.7613
90.634
83.7364
13.9717
49.8607
63.2231
56.6617
55.5324
45.5128
98.1805
45.9655
25.7159
6.14391
49.6786
16.0613
118.149
42.1489
52.0887
40.6692
66.6233
33.4733
59.4144
94.9393
81.3194
97.3856
129.822
97.9045
49.7583
73.9663
35.5507
40.6152
80.7113
14.5315
58.1924
62.6811
86.444
64.4285
62.273
70.2506
47.7118
86.2745
88.7347
44.5846
107.137
100.058
77.1072
84.9913
7.84936
81.2144
68.0073
105.559
88.4013
66.748
59.5034
65.1389
101.063
115.244
50.4327
262.836
MET does not have solution even after MET smearing.
The solution is returned as if Delta was zero ...
77.2626
16.7627
82.1451
66.595
134.732
MET does not have solution even after MET smearing.
The solution is returned as if Delta was zero ...
25.6383
113.185
75.353
107.189
56.8976
48.6657
90.7283
101.498
66.1961
43.4486
10.6707
19.5354
24.9342
65.6616
96.5017
82.2415
71.4402
86.2555
79.1415
94.3301
75.1064
87.0193
45.2571
109.203
56.6061
116.401
55.5261
112.159
MET does not have solution even after MET smearing.
The solution is returned as if Delta was zero ...
7.87858
127.207
105.169
80.3263
63.3458
91.0584
7.14917
53.9352
26.2756
64.884
79.1869
31.7649
29.6395
102.08
94.1897
95.0775
21.3443
90.1402
72.4272
70.4825
89.3974
83.0354
86.3687
59.6104
34.3376
64.8474
87.1046
50.7462
34.4825
61.7221
17.0249
20.8787
2.91566
3.53346
55.8704
60.0622
59.3554
86.3242
20.3424
14.0732
46.6261
72.8403
55.9147
65.2785
50.276
71.6377
107.251
24.6603
75.6712
89.6011
96.847
33.3269
78.4801
83.1523
50.1666
77.6436
73.9332
140.112
110.372
85.7048
64.1588
66.0904
101.286
24.7523
58.3496
55.7649
82.3583
6.61566
47.3529
93.3162
85.2601
83.6169
41.5069
71.8036
63.165
25.68
50.8179
29.5556
37.3091
71.8681
79.1688
28.0761
16.4939
89.6905
150.716
MET does not have solution even after MET smearing.
The solution is returned as if Delta was zero ...
119.757
73.2821
89.8089
58.2163
29.2742
72.0845
64.6303
3.1659
7.44638
17.0423
85.9508
71.8912
45.6268
9.64082
82.5589
92.1747
65.5886
103.43
74.1172
40.3028
54.0897
60.2419
12.4273
76.6576
73.4943
83.1331
56.7713
63.2743
29.9803
64.7542
43.2821
48.5746
89.5642
103.423
76.8731
62.2256
63.9746
55.1358
22.0233
94.7779
112.925
49.8421
110.429
109.505
61.2425
98.0027
10.3384
89.8014
91.5121
69.8164
48.7328
11.3732
111.691
47.1579
119.66
16.9865
92.1551
60.673
46.6344
71.1839
63.8497
44.0086
18.0453
62.9479
100.696
65.7771
86.5124
66.6411
91.2083
37.2287
43.069
50.7937
66.4496
80.7125
21.9928
38.9411
57.4192
99.259
71.5504
65.3847
52.9705
25.3708
71.7291
88.351
128.658
73.9422
78.9814
126.355
86.9138
64.9851
68.6999
63.5394
104.491
91.8258
7.8275
2.55665
86.3869
66.2393
13.8443
2.0418
55.2597
80.0825
97.1827
10.4294
68.9821
59.2567
64.4157
127.224
95.8042
0.67731
15.0806
74.5823
84.4075
21.5239
123.382
81.9397
34.3677
47.7237
64.2198
71.7057
49.3623
69.0047
55.8159
80.2321
65.5673
81.5697
27.8129
65.4514
67.2633
106.809
70.7032
27.4925
84.6133
84.4727
74.4105
90.0739
15.5873
30.6618
74.3145
25.9078
83.0716
86.2133
75.254
17.1785
76.5136
52.9707
65.2468
55.4988
65.4953
68.1123
74.5028
104.229
32.2672
11.8114
66.7216
70.4708
87.306
88.5758
75.0348
86.0076
46.9199
79.8625
69.2864
80.352
78.7561
7.1729
79.1416
59.5878
23.1938
45.1995
52.3242
83.5385
70.0654
77.0311
50.8908
87.5165
45.4807
35.0433
59.0219
60.4626
77.9749
58.7312
133.268
99.4204
105.896
50.814
29.5217
26.4105
44.8256
30.68
82.6571
88.688
160.319
MET does not have solution even after MET smearing.
The solution is returned as if Delta was zero ...
46.9376
71.8219
126.123
114.31
96.7418
43.3926
57.674
33.2665
69.3124
23.7114
27.2864
107.335
41.3397
14.2945
57.549
50.3769
68.4388
95.0769
89.5374
11.433
38.9958
102.471
67.5377
52.4159
173.552
54.836
23.5448
29.2245
78.4476
118.729
86.0844
87.4481
66.6348
79.5504
114.219
51.2048
11.1491
46.287
102.013
59.6888
55.8768
106.695
57.0501
65.7608
109.037
25.3119
62.2455
73.8183
75.4203
129.738
48.9607
90.7926
11.1362
80.5725
3.24662
22.7049
12.81
68.6253
1.91649
104.419
92.4028
76.0246
16.9591
68.154
22.5504
26.7057
28.1546
91.6489
55.3089
67.4492
45.2237
44.9268
177.525
MET does not have solution even after MET smearing.
The solution is returned as if Delta was zero ...
81.8193
87.292
36.9883
31.5127
22.7686
48.0166
74.3528
68.3732
2.29201
38.0512
60.652
56.5088
94.4533
81.1841
79.2415
80.9907
169.517
MET does not have solution even after MET smearing.
The solution is returned as if Delta was zero ...
79.2215
49.7725
54.987
75.6211
42.6626
71.9903
122.007
66.9056
16.926
81.77
56.1092
80.2234
174.672
52.1394
64.2688
75.4827
86.231
62.6459
149.102
MET does not have solution even after MET smearing.
The solution is returned as if Delta was zero ...
212.67
MET does not have solution even after MET smearing.
The solution is returned as if Delta was zero ...
89.0435
84.4322
4.29369
72.2983
74.1523
79.5625
80.8117
74.0704
88.5577
14.2303
62.3451
87.0102
32.2976
45.7575
33.9204
54.3333
46.4793
10.7758
50.5877
39.5844
44.1527
57.7759
39.7955
34.8784
58.9278
5.48861
137.685
78.1312
107.673
60.0489
13.0317
113.797
92.8515
37.7251
36.6666
82.908
83.1356
64.7447
111.607
22.9511
211.559
MET does not have solution even after MET smearing.
The solution is returned as if Delta was zero ...
74.5595
69.5809
51.3912
70.9567
84.0083
46.6786
47.0277
48.1468
106.62
24.7994
79.6609
14.191
71.6336
75.7021
85.8001
63.6773
69.1859
61.6105
26.1623
38.7922
46.4133
70.0139
49.0132
103.988
37.0673
75.0134
4.14592
99.4488
60.9847
95.1172
24.9946
73.2492
60.5312
82.0478
70.2722
39.0044
73.7542
10.7894
40.6451
72.3202
114.323
9.94959
89.4493
49.6299
57.7829
126.794
32.4599
84.6856
25.517
59.5335
74.6492
69.3661
31.7859
58.7878
79.7009
49.9568
70.6317
28.1566
31.3948
59.434
78.5764
70.7291
38.4444
72.3646
99.3139
99.067
113.229
11.3176
24.9509
110.393
63.2884
77.3268
79.0187
0.707117
80.7265
75.3761
49.1724
52.818
71.6122
79.396
77.8532
6.42066
58.6643
95.5834
54.5657
56.302
8.23826
82.7582
95.1809
48.2532
50.9682
34.5385
81.1134
73.0689
62.636
143.206
13.9893
14.7279
10.4643
65.9436
34.5834
27.7024
82.7992
21.6587
24.4886
138.995
34.2699
110.098
24.3403
85.5216
60.1655
66.2436
178.487
120.26
46.6162
0.969115
44.3685
53.6793
48.744
11.2885
10.7274
51.8573
43.5898
62.3589
83.1818
112.013
28.9187
95.9744
43.6956
74.4038
57.9336
56.7355
67.4283
68.7228
77.0664
49.6816
121.095
74.7862
92.9801
63.4932
48.8533
65.1929
55.0143
19.5635
54.869
72.4547
70.1611
38.2866
76.4608
56.3222
91.5531
13.1742
110.341
48.9004
33.0959
45.0067
81.5028
11.8153
31.7855
41.8048
78.2454
68.8262
62.3645
70.1184
78.4575
22.4784
74.6052
23.547
50.6251
69.1282
72.5785
59.4877
90.4288
54.5586
72.0071
84.6053
98.6786
24.3221
90.251
90.8859
30.5276
139.4
73.0575
75.1687
60.6867
75.9245
50.1217
66.4155
83.2595
25.3742
26.5913
78.1805
50.6536
81.5887
56.4015
92.588
54.5435
49.4603
4.35932
99.8145
43.3557
85.4453
83.9744
40.3097
66.4156
80.4693
98.8243
73.5874
50.4707
76.9795
73.7009
47.5888
80.1015
93.1063
49.2064
78.3715
81.8068
3.97845
34.4913
56.1196
21.3589
65.165
71.859
78.0395
56.1165
33.208
98.8819
78.4265
99.1188
78.4845
2.63189
16.8233
72.3064
30.4175
81.8032
25.9465
67.4846
82.1166
105.025
69.3625
4.36433
42.1089
32.1841
115.332
30.9297
94.5631
88.7685
21.963
76.2519
46.1806
43.6438
90.2804
26.13
82.9708
80.4284
47.4992
24.8197
78.94
34.9626
61.7531
93.4617
60.766
15.5849
3.41223
171.128
MET does not have solution even after MET smearing.
The solution is returned as if Delta was zero ...
29.5918
23.2615
65.7273
65.4209
80.0829
17.4266
12.4067
62.8142
63.188
74.9517
14.7348
12.5861
87.6673
16.867
88.4418
2.3533
2.03255
59.2485
1.19537
68.2388
66.0705
81.3307
15.3903
113.172
89.1321
119.364
7.63901
17.3819
83.2224
38.3886
84.8829
17.7359
107.906
47.5373
86.4594
80.1614
117.834
72.437
98.7655
84.1401
3.81072
87.1508
75.4771
77.1591
10.8158
47.6786
57.8604
28.5443
29.1223
54.7514
49.5172
70.5536
7.70156
89.8337
62.5825
51.9552
102.282
15.556
78.593
67.0217
26.0374
95.0605
50.252
112.132
87.9493
76.2619
80.5314
56.8
76.7901
73.2473
71.9546
28.8259
31.49
63.0058
49.4274
79.1359
25.1863
63.1009
91.6679
47.6474
84.6685
76.894
33.9803
15.5405
5.22211
75.621
74.3668
3.58254
82.8562
57.2962
69.0584
47.9551
7.56857
14.3185
49.4377
85.7986
99.4303
0.608269
59.1715
47.7771
116.402
92.6435
56.2811
54.4362
68.9024
44.8783
105.226
49.7198
21.1608
57.6389
32.9319
76.4948
107.143
70.3906
21.287
74.137
73.1695
34.1233
32.9478
63.6766
70.7405
87.1906
65.3424
51.8685
36.7381
75.2487
76.2409
14.6208
74.8679
24.6907
83.811
91.8477
104.424
82.5137
1.47211
80.9818
97.8753
7.10986
55.1165
76.0302
59.1117
23.8486
52.6316
6.38407
140.465
94.8098
57.6275
74.281
19.8597
57.1799
63.8623
49.375
50.909
27.4069
68.9308
118.713
108.385
61.2768
57.9713
82.5516
73.8776
85.7478
87.4396
79.1979
53.3461
87.3754
82.3539
67.926
81.615
29.4141
81.2332
78.6658
97.0815
70.357
47.0622
44.9434
32.1081
97.3376
79.2361
85.0515
1.29572
80.2449
52.6616
57.4161
60.6072
100.646
1.84149
99.5421
11.4609
68.7448
82.2331
28.342
60.2395
15.7779
97.6987
105.08
34.0429
40.7642
69.6776
83.5886
32.4188
43.9202
79.9356
53.9935
69.9815
60.7081
55.2994
82.9431
111.273
90.4262
83.3126
73.0047
83.9132
51.3749
53.0651
4.37487
83.0377
0.323526
23.8795
33.2113
111.107
42.3944
46.6135
59.1054
67.6092
36.0189
82.3778
109.668
68.6861
46.7483
24.0198
54.9466
15.4492
7.71234
81.0838
86.7843
38.1907
72.8063
112.717
91.4626
97.6726
66.6484
97.3775
68.8496
25.8828
1.15128
50.4574
101.951
44.2056
43.0816
51.2281
55.4984
30.1785
101.708
69.6294
35.619
69.2075
95.925
19.6762
0.381662
59.7981
91.9679
30.6267
106.642
24.8737
76.6714
8.74183
63.2858
75.4206
58.5012
10.8735
43.1152
19.856
58.7885
117.014
10.5113
77.5435
60.4704
54.6856
36.3416
97.7091
110.01
70.6729
50.4892
104.923
41.9196
92.3023
72.2068
60.4385
83.9603
38.8004
69.2596
47.243
122.619
17.7978
86.2473
61.6584
37.7278
101.477
96.0456
32.1469
90.5082
48.8696
2.81367
51.7469
95.4317
89.2074
78.0262
31.988
59.5341
143.785
MET does not have solution even after mW smearing.
The solution is returned as if Delta was zero ...
57.8096
49.2137
73.1558
12.5024
82.9121
67.8502
104.166
75.5286
79.2825
54.7504
75.2934
72.3097
63.8998
47.4707
37.6101
91.4263
81.2106
20.3373
66.0305
53.2292
74.907
16.4075
80.689
56.0158
28.6876
42.2021
15.5474
69.5361
67.4053
93.2777
80.1138
73.7486
88.2836
70.9247
31.3578
41.7493
78.8265
78.5737
51.5174
40.2927
86.732
72.1925
87.8835
82.982
72.7062
83.0126
83.6309
80.2355
6.31635
40.6432
5.87553
36.7529
64.8827
87.023
17.0419
57.505
61.2253
57.7699
14.9568
92.4576
5.66692
24.0454
65.1239
55.682
47.5902
12.6108
89.8959
48.0441
75.6884
79.167
58.9517
25.7552
36.2329
63.2176
67.485
52.4032
80.8511
29.16
56.7497
77.1387
65.8914
40.2156
46.7927
44.6562
91.4186
63.0182
85.7418
12.7522
115.592
40.9079
61.3463
53.2066
107.882
80.2733
75.0126
25.3473
4.49629
81.5479
111.884
67.04
58.1741
6.59042
90.1101
76.7517
45.2159
56.9167
152.238
100.057
14.0164
53.0585
17.8532
72.5867
44.3207
0.700672
3.3681
39.4629
72.6511
99.3495
99.4128
125.064
84.2124
13.4247
54.5711
69.9877
43.1635
7.06327
104.087
44.264
50.1865
46.4505
108.388
75.978
45.1322
57.0094
15.0663
41.2978
0.452879
84.5689
47.6227
140.46
MET does not have solution even after MET smearing.
The solution is returned as if Delta was zero ...
56.2543
110.239
52.4331
14.6621
1.06992
106.235
60.7047
6.45941
68.5165
52.2663
106.233
51.6402
68.9426
95.5398
100.282
56.7615
37.838
50.4956
21.5486
13.2944
33.3041
8.32443
78.1444
75.7836
105.171
75.0331
104.428
52.9256
115.808
57.334
97.5629
64.9088
83.4761
77.3164
17.1114
7.22508
74.481
52.2733
62.9194
88.9489
8.66356
8.30962
84.8033
32.658
52.2098
59.8943
106.429
76.3884
60.3231
61.6853
20.4566
44.6227
41.1279
69.7135
23.7788
108.154
88.5092
19.0792
83.8412
113.314
15.6758
104.83
56.4282
84.7534
91.6768
73.2089
88.0789
76.7168
24.8416
60.7927
87.0627
28.7404
75.4776
56.9334
15.2038
87.1704
15.0923
69.753
134.939
68.0097
124.906
77.6511
42.7335
66.2199
67.2971
86.1155
46.3268
35.338
62.8136
2.11404
88.2322
88.9626
55.3234
72.8679
50.7823
58.077
79.1764
57.5666
45.1358
87.6292
0.246792
11.1042
43.4148
95.9315
5.08636
72.9384
5.8846
55.4077
87.8733
88.297
62.1886
30.9932
60.9204
85.4301
82.8536
75.617
63.7728
94.5161
65.482
45.7792
84.341
79.7941
108.621
102.525
22.4913
91.0598
5.12845
98.3363
11.3686
9.35725
57.5539
66.9089
4.22273
43.3677
38.8411
116.08
78.6341
5.62796
73.6501
55.7596
45.6769
57.3779
84.3701
7.16819
89.7256
75.0174
66.136
69.3179
107.485
80.4424
36.8628
41.5674
74.9566
60.5047
33.1759
66.3154
102.516
29.1828
73.2332
44.6208
75.3856
69.7878
23.7839
21.4388
77.1997
68.6195
86.5194
42.9975
26.6089
42.9067
13.2283
76.6857
42.7559
14.58
27.298
78.7895
65.9325
78.0244
85.4092
27.5079
127.455
47.1441
10.3357
61.296
114.911
58.4986
63.3917
27.4917
48.6101
58.1677
58.1374
79.7081
43.7276
80.4906
76.0781
67.7862
42.8707
115.355
22.124
24.5602
68.1614
19.9254
70.5303
95.2797
104.218
69.5023
36.2912
65.7744
22.6816
85.5264
63.1058
41.3434
64.517
80.4578
81.7949
85.3214
71.9479
28.3495
87.4958
70.4362
64.1043
77.2319
91.3505
63.5658
45.9006
51.8161
61.6302
65.4581
51.332
76.0199
35.6449
81.02
86.8324
81.3454
83.0448
4.41491
74.4709
28.8317
80.7445
126.047
76.1737
61.6789
59.8623
60.5738
89.392
89.8434
71.2413
35.9095
28.2761
2.1184
5.94192
106.363
81.3394
49.389
53.2964
64.4656
36.3847
84.0008
64.0973
19.1302
78.9786
28.7377
41.7665
15.0763
19.3471
41.7762
75.6132
73.18
32.5181
47.462
88.2381
89.6028
41.562
69.89
14.0783
60.9265
107.633
48.4856
30.2429
99.0381
34.1806
107.01
120.501
90.5882
80.9564
78.4156
47.1241
67.3888
102.175
19.5747
52.0329
70.0142
11.9071
71.4021
109.959
38.8276
104.315
81.3364
10.412
11.3122
81.2853
112.049
100.51
97.4344
33.7761
48.386
80.0457
55.8461
73.4185
83.8441
19.6352
18.6002
92.5804
53.4712
27.1475
97.9709
19.6066
68.8378
49.7775
37.3366
41.1145
73.6775
0.00302786
48.745
81.7122
54.7149
121.936
15.0047
61.1194
18.5831
53.8553
42.0161
69.8871
65.3091
69.1796
63.4314
58.5513
78.0474
49.4997
53.3461
37.6942
78.5336
60.7512
48.8868
50.5394
53.5877
32.2072
119.635
69.7234
58.0885
31.8446
66.0983
80.9438
58.9508
56.5901
70.8311
56.5285
56.0817
17.9364
101.457
31.8522
97.2213
83.4115
80.0123
53.2509
28.8627
40.5108
104.176
50.0851
81.7002
48.1595
122.632
36.0077
79.8208
72.5451
71.9777
72.9782
22.4149
87.4369
7.58987
67.8156
53.5467
5.22507
88.2323
92.2474
98.3456
17.5324
70.0673
79.3533
71.8312
83.3357
62.99
91.8617
56.719
41.326
36.4056
103.588
64.7107
50.7958
69.1828
101.526
25.6587
4.86564
68.6514
70.5524
56.7187
85.517
18.7525
41.9845
63.3227
82.7095
57.8278
87.5385
69.0519
54.8959
97.8024
58.7793
60.2278
13.6829
28.253
54.011
89.1867
34.054
57.5925
63.5681
10.4275
44.9088
22.4823
85.9093
118.685
98.6551
4.2993
39.7371
6.4148
57.5846
35.1499
39.0802
81.4665
94.0522
49.103
43.5282
75.1694
38.5415
86.4417
73.1908
44.3393
76.79
56.5469
76.7342
45.571
69.6594
70.0505
79.8216
31.7505
75.4867
37.8097
141.617
193.735
58.1115
81.6431
52.4025
89.209
73.0139
44.0806
57.4854
51.0475
28.2023
80.8876
101.06
457.439
MET does not have solution even after MET smearing.
The solution is returned as if Delta was zero ...
38.3089
92.523
103.562
59.2773
76.624
87.1743
120.727
69.1786
14.4803
80.7979
78.3036
19.8439
73.2026
67.851
41.7821
74.6439
68.9262
72.3164
30.9588
83.2999
28.3451
118.188
65.896
11.5225
73.2148
56.8923
79.3081
44.065
80.9858
75.3772
10.7759
75.6698
90.8254
78.7091
42.3372
61.3569
59.1995
41.5225
87.7489
38.7953
80.2568
22.886
56.3505
23.2766
28.2267
64.0397
47.8234
63.1895
10.5428
51.2863
86.8674
48.4776
75.7057
86.4376
1.4503
95.0785
57.2626
20.1221
58.53
54.3836
68.9557
33.2893
75.8204
100.005
75.0407
65.5683
66.4359
89.158
71.9571
92.5872
46.5578
61.8867
87.0996
11.5573
73.3065
83.6319
85.4994
71.6099
55.9965
71.2985
96.8324
4.24951
53.0506
61.8786
5.48053
36.2079
39.197
39.148
1.35196
60.3622
11.9838
100.289
6.12288
68.5828
26.7255
77.3971
49.1227
22.3224
83.002
25.7365
58.6442
61.6121
21.8351
85.9152
46.8561
23.1272
72.6494
63.3537
47.8045
51.7614
70.649
38.6591
60.6445
40.9904
46.2225
96.0828
68.7668
93.6759
74.3135
79.7152
110.359
71.5641
178.454
MET does not have solution even after MET smearing.
The solution is returned as if Delta was zero ...
28.5535
60.7155
13.449
70.5787
20.7524
76.3752
21.3054
47.3262
73.7602
113.059
82.2295
23.037
99.2426
13.5415
53.6235
60.9527
59.7275
99.0798
51.4396
59.1822
10.5079
69.1018
12.5453
104.56
87.7071
80.043
97.9123
78.8669
58.3483
15.3955
100.584
70.6229
80.1989
82.1488
112.742
10.6357
90.0003
64.7219
61.5854
94.0274
3.21662
138.51
60.0597
63.2429
85.7759
71.1347
53.4382
91.1035
70.2825
56.804
0.900038
64.2262
99.7932
81.725
63.1789
43.6616
84.1375
60.555
4.80043
33.3967
31.4059
65.3666
8.25459
81.3807
79.0885
80.2234
22.747
71.3699
5.98335
43.1682
128.9
82.4185
66.5196
91.2954
94.6352
10.2089
95.5453
53.2425
60.8921
68.702
38.0159
75.5049
56.7189
37.3077
57.4181
91.4217
73.8856
55.0846
86.4732
27.6332
44.4215
68.6383
87.6
86.017
84.992
60.4233
58.9984
134.767
85.2939
4.94762
20.9343
105.421
25.1954
0.83518
59.5744
60.9998
31.1706
139.823
24.4767
85.4608
8.88354
33.5123
65.7695
73.9793
24.6483
87.4016
90.1876
76.478
83.558
11.9486
7.79939
63.7978
78.1245
59.7399
51.9224
72.1986
27.7455
1.03558
46.7842
55.4915
4.50448
84.3443
67.8622
41.6193
61.7953
73.5722
88.6349
85.451
33.3951
41.5786
107.164
93.285
21.2513
15.2505
3.47299
60.6216
85.4268
83.5551
13.6088
124.487
64.5255
45.9124
90.9137
39.0757
76.358
138.705
72.6165
109.477
33.972
95.547
73.8303
20.7502
64.2589
92.9037
68.1035
79.6392
31.4413
90.7033
82.443
60.1074
40.271
44.8771
57.7513
22.863
30.4153
101.123
124.912
68.0117
24.9948
25.1069
44.77
69.0705
85.1321
93.7716
42.1962
45.2056
55.5369
33.6324
28.0136
0.811529
76.2699
72.0062
69.7302
50.2291
90.6956
61.1513
44.1838
60.6013
30.8876
29.6302
10.8223
43.866
50.8163
11.666
94.2381
52.5097
77.5822
33.8077
51.9731
104.816
53.1545
50.3801
60.3753
70.7095
120.807
56.0148
55.745
36.1164
41.8462
75.8756
63.6096
49.9414
97.5046
52.3932
52.0482
91.4522
16.7255
30.8106
38.7634
27.9852
105.536
74.9988
26.1005
8.96475
54.4365
70.831
119.081
82.3508
35.0462
86.4433
96.9925
55.2884
48.4785
58.5996
63.0704
85.0869
59.1847
20.1304
76.2999
40.326
4.98254
88.2376
58.3933
112.49
86.7035
38.8309
81.2639
81.0036
76.9308
135.782
19.8592
67.2834
118.113
94.33
119.055
68.3207
46.7804
52.6748
20.2895
84.525
65.9
65.7285
32.6635
9.27833
101.944
23.2751
28.7356
67.0449
76.9269
43.1924
35.8234
46.0054
28.0593
18.0939
7.61662
75.8579
51.1076
44.8118
47.2066
56.6167
49.123
78.8186
44.1201
39.4269
99.0842
86.0226
67.8363
19.4023
5.70273
57.6781
31.3171
77.9533
97.3466
48.1452
42.079
46.5136
46.5608
92.5071
56.5254
90.1785
68.5723
76.7595
44.3371
66.0833
56.5605
13.9634
47.2448
28.8078
98.2733
97.4672
70.0262
4.61079
39.9035
63.4358
45.2912
55.9265
63.2588
68.696
79.39
31.2744
96.3143
92.1851
58.2914
106.002
40.6602
37.0929
39.7852
128.252
79.5113
44.0524
66.9846
87.1257
7.28441
58.345
59.8836
73.8034
66.7749
120.159
24.5453
14.637
118.022
81.3081
25.1054
65.2962
56.1151
53.0476
97.5021
54.0026
72.8883
13.9725
58.8649
91.2178
7.86868
29.3852
34.0677
14.6399
17.6814
72.503
75.7168
47.4997
6.2677
60.1876
80.1915
64.6989
56.4399
89.7116
111.065
86.1594
56.6221
1.0019
0.1774
43.3158
37.4791
54.7185
74.3009
87.2626
78.1615
73.8541
99.6188
68.926
91.9118
49.5724
73.8048
71.841
64.2584
119.416
50.8489
48.9194
65.018
65.3037
46.7859
65.6932
83.4785
42.0098
53.317
73.7912
55.6477
74.5309
71.2731
12.2969
36.787
62.9417
132.689
130.151
54.3075
80.2287
65.8066
135.308
7.86138
127.519
7.31937
111.569
40.926
41.3738
29.1436
72.1814
51.5326
48.4004
11.6364
65.9643
61.233
3.049
17.8708
23.8672
19.9551
91.3695
37.3167
10.3796
192.387
MET does not have solution even after MET smearing.
The solution is returned as if Delta was zero ...
32.3681
77.1467
43.0663
29.5851
71.6992
10.978
324.86
MET does not have solution even after MET smearing.
The solution is returned as if Delta was zero ...
34.9928
139.024
74.8134
66.1414
76.9794
100.189
4.03807
68.4241
126.473
18.0996
115.553
55.3386
14.8329
5.95519
30.7592
26.9466
36.4842
67.0953
87.0955
96.468
41.4212
81.427
91.782
102.67
46.7715
61.0909
164.148
46.88
158.388
MET does not have solution even after MET smearing.
The solution is returned as if Delta was zero ...
14.4074
33.0836
21.1701
34.7303
29.447
33.2135
50.1655
69.2718
37.7707
91.2562
80.874
68.9124
120.739
23.8118
9.80917
21.1383
53.4455
51.0753
61.9484
107.328
65.3974
87.1571
42.9177
71.7358
33.7828
93.5939
46.5901
71.9975
76.5306
84.5835
192.191
MET does not have solution even after MET smearing.
The solution is returned as if Delta was zero ...
7.61529
59.2888
8.90699
60.6522
25.3259
5.26708
118.592
192.931
MET does not have solution even after MET smearing.
The solution is returned as if Delta was zero ...
69.1644
57.8358
167.385
17.4933
127.968
72.7086
25.257
53.5362
121.198
15.2243
86.6678
83.8673
81.9063
102.892
51.9523
22.7612
10.7107
84.2092
68.4604
107.277
102.982
61.3457
1.44598
58.319
48.7552
41.1712
75.4844
10.1445
42.0783
107.445
54.8161
44.6567
16.4642
54.3668
56.3015
15.0624
119.298
62.705
47.6227
32.6619
59.6332
16.3037
7.26042
41.0269
62.2278
88.9272
99.4356
5.18845
79.8985
64.5933
76.4023
144.943
74.6257
36.7891
59.9698
38.8428
28.0858
40.001
60.1253
78.0929
69.1316
1.67057
5.40606
5.1714
72.8311
55.0523
81.8419
86.0058
89.496
81.3973
85.8189
99.7504
1.78687
58.8223
35.91
83.0234
65.5184
69.6517
55.4783
44.4449
38.0939
63.1167
74.9218
49.3787
8.0978
81.1844
54.4185
70.5133
64.8081
87.9324
85.1901
80.7886
29.2058
3.43232
75.4955
49.1605
60.7597
93.2496
41.8525
49.4456
95.9731
31.9912
64.7591
103.729
74.2922
131.064
112.659
6.39759
19.7883
72.5539
33.5832
29.7316
30.8674
22.1979
75.0991
79.0138
11.6379
50.0869
82.4223
49.3267
65.3791
5.05335
114.055
20.3756
32.05
45.3947
35.8052
94.367
97.1164
89.2866
99.5756
93.2693
75.3827
16.4151
88.5814
89.258
64.6482
85.4782
94.4542
42.5758
78.7048
93.1503
51.3728
52.6653
71.788
50.1016
79.7157
108.868
58.6892
25.4938
6.91003
137.904
22.8776
93.8699
21.3885
8.809
65.5238
67.6075
62.712
52.4055
42.7321
92.5083
41.7514
46.4902
64.8277
81.7109
69.7022
55.7011
80.9635
73.3155
8.7569
25.4344
89.2718
105.704
39.1281
45.1518
67.2387
95.3195
27.9255
73.3339
83.8896
19.2346
80.0695
70.3543
93.1933
78.0365
140.002
129.964
46.9603
29.014
45.3971
74.2268
71.566
20.5997
61.0052
82.8444
33.8435
81.0034
79.3725
132.56
72.0193
30.0321
47.9593
101.277
45.4479
23.585
39.3556
36.8729
28.7008
12.5218
81.3188
95.9649
54.8873
79.902
37.6258
68.1071
75.3011
34.5463
62.1295
74.9189
75.0856
60.3152
91.7475
91.5863
15.2618
119.388
90.5372
77.3548
86.69
52.5942
31.3448
45.7561
76.2644
88.6502
97.8711
6.65372
55.432
81.5456
10.0276
6.972
3.12357
60.5967
76.6089
83.6357
17.6421
54.1559
71.7729
93.326
9.89759
66.915
61.2261
63.3316
117.829
23.6708
9.05144
83.2143
48.3741
18.0801
85.0931
86.0112
17.6552
10.4356
79.8185
64.6997
48.5369
52.409
58.6889
50.9661
72.1806
69.6083
80.899
86.8281
104.972
95.1845
14.7025
108.548
71.9905
32.5042
35.2099
54.7615
91.2423
99.3369
80.4552
79.4271
72.3891
62.849
68.1344
104.773
86.2113
65.6022
83.0522
70.0311
30.7342
71.8359
55.6324
122.63
42.3243
110.683
85.3749
80.1551
77.7955
67.8223
71.5647
97.902
29.2332
61.49
76.5408
68.2251
67.9611
97.2251
32.3326
95.9636
86.049
81.0334
98.1714
71.3933
103.39
85.1853
103.759
87.0189
79.7394
18.8936
61.3533
78.7756
47.7743
57.3177
67.1487
74.4914
35.4755
53.7875
95.8464
51.6609
42.9657
81.5464
66.1258
101.929
54.1472
38.8347
46.5237
71.6594
56.4753
46.5387
86.8932
21.2022
17.4254
82.1362
51.3984
4.29367
112.129
84.2861
83.2945
46.8758
77.0466
73.8976
35.4239
64.3871
92.3489
65.6394
56.3526
39.9864
41.6655
55.5755
80.5066
12.3648
38.3075
80.9299
53.3496
48.6639
92.8597
0.411108
105.258
72.7203
70.3019
98.0482
3.2092
41.8537
29.0238
39.8643
61.422
78.3421
46.8909
58.6454
81.2628
51.6791
26.5855
99.6758
39.5037
79.0736
87.5223
81.3018
94.3079
67.0951
154.214
MET does not have solution even after MET smearing.
The solution is returned as if Delta was zero ...
89.0349
49.851
19.5782
115.347
27.1752
16.2627
19.2726
2.04172
69.0345
69.7231
35.0928
81.7956
7.04827
99.3099
5.5884
125.004
1.29925
82.2132
74.6039
120.131
58.7676
22.2988
88.8693
19.7906
147.523
30.0198
71.0213
128.766
84.5372
18.7215
94.7533
111.643
88.1813
45.597
99.2898
94.0557
3.66387
54.94
46.6356
33.9971
27.44
102.071
53.974
60.8804
76.106
70.9954
72.1875
27.5933
75.1871
63.6387
82.6097
82.2047
100.578
89.1689
56.6875
8.78218
111.388
75.8142
50.3155
46.6252
78.785
65.8609
77.7997
78.7854
45.6315
87.5537
53.1426
16.2528
9.73839
15.1784
24.2909
104.752
21.2213
83.493
75.4827
46.1208
47.8511
84.6603
17.1213
48.6418
49.9685
17.8932
82.5616
5.28429
86.952
162.129
122.3
107.903
70.3835
59.6757
35.8525
89.0507
76.0046
108.317
70.5846
20.5468
101.758
49.0875
62.471
83.8692
107.176
81.7116
57.0554
75.0099
79.9977
36.7107
81.1441
37.8047
64.7884
15.1909
29.5441
4.86499
39.6825
5.48812
89.9372
13.4392
58.1042
63.485
72.7156
8.71308
110.65
73.5954
81.6744
28.6112
94.8555
46.3064
100.13
80.9081
99.2162
32.9159
19.9582
34.2043
77.1894
66.8271
43.7087
67.122
87.3599
85.1884
146.793
69.045
74.3418
73.5037
6.26592
4.60549
99.4456
14.0007
59.3882
89.0933
72.7229
84.2848
95.4015
96.7385
31.5701
74.0292
60.0131
94.4452
109.389
55.8273
129.287
54.1454
44.6517
89.0745
46.6834
88.5651
82.2238
22.4664
28.9965
58.8603
39.3869
42.7378
145.039
111.763
57.6387
76.5295
51.234
7.16715
123.876
65.6418
73.6332
27.5272
103.872
72.5535
55.8009
63.0072
55.5841
94.8134
19.1835
112.907
9.36604
77.922
29.5065
126.132
71.5227
74.7494
77.7905
47.3349
16.9064
71.7149
51.1297
67.0959
107.819
55.7775
27.0669
91.1324
40.032
55.6011
30.4602
78.2603
16.5498
68.9675
30.3226
57.6961
83.3166
1.0841
64.6037
5.57463
66.3263
102.769
16.1512
23.3551
86.5167
78.5699
67.5764
93.085
75.3928
61.9754
77.4727
85.3186
27.9673
68.6211
78.4221
91.4553
33.633
82.4744
71.6368
30.5475
77.5397
1.34668
51.2572
48.7594
72.7692
37.3294
39.7931
10.8576
27.2653
89.8986
60.1287
2.05913
57.7426
72.3313
38.0691
11.7732
70.8183
77.9374
53.4328
55.7223
56.7793
83.7247
90.8887
39.6749
82.6943
38.8121
68.4474
40.0549
61.9882
109.238
68.6839
81.4415
43.6303
20.9566
34.7065
62.5777
103.141
33.4601
73.3603
102.146
101.601
89.9483
52.1447
2.82953
107.973
56.9333
74.4883
66.0141
147.849
MET does not have solution even after MET smearing.
The solution is returned as if Delta was zero ...
78.4243
62.9998
67.4828
41.6955
63.3969
46.1804
22.2575
70.1998
72.194
42.4241
64.9113
47.3055
86.5111
53.38
77.6892
7.09661
5.84924
50.0069
27.2012
103.448
16.9798
59.2727
71.3813
3.26999
61.0299
76.5761
11.501
6.15293
6.07538
4.58602
87.7053
79.8238
27.3803
12.5398
112.83
37.1263
101.24
85.7084
78.2127
before closing file input /home/nadjieh/work/samples/postMoriond/May2013/WZ.root
before endjob
