**************************
SYSTEMATIC SITUATION: 
**************************
JESDOWN SYST
**************************
file number 1: ~/work/samples/postMoriond/May2013/ZZ.root
I am in tree = 0
inDirect
treeName: ZZ_2J_1T_JESDown
ZZ_2J_1T_JESDown	0x1ef9440
0x1ef9440 tree afterward
ZZ_2J_1T_JESDown
3492
78.2455
13.2682
48.6
49.4751
37.5078
76.8083
49.466
60.0572
65.9248
124.981
37.2939
45.854
25.1728
91.57
79.9893
91.2493
23.5056
35.9174
30.0375
27.4244
78.1721
75.5835
51.9962
4.08121
142.988
MET does not have solution even after MET smearing.
The solution is returned as if Delta was zero ...
71.174
70.4424
3.81868
1.15473
63.0514
31.7233
10.0397
51.0444
41.4253
76.2699
13.4611
5.85205
39.4322
2.87542
49.1403
51.8834
45.0934
54.9187
29.8694
40.4901
82.5151
12.9915
24.134
43.7418
26.001
10.1053
29.5746
70.7023
121.01
67.0195
40.3128
43.5201
80.2338
12.8351
53.2828
5.79395
1.23773
57.5312
45.3437
75.8386
5.77218
26.2198
79.8292
47.6346
16.3777
53.1108
52.5942
23.0176
15.238
47.5351
44.7268
21.9784
34.9042
103.33
28.4278
43.6545
43.4508
97.0374
55.4726
54.7856
73.2357
34.4251
66.1283
33.9218
2.47731
63.5621
13.4035
51.7568
19.9196
121.464
18.442
24.7863
89.0103
62.1182
69.5599
95.9796
8.33183
52.0431
92.0225
19.8814
98.6965
19.3294
44.0883
6.84542
45.8296
42.5437
42.887
73.7342
1.32763
11.9289
5.32318
51.5824
80.1604
190.556
53.2254
32.7668
115.58
7.38077
38.1546
49.6956
121.422
58.6291
77.0274
40.7446
42.6765
22.6899
30.0031
76.8119
115
40.3008
35.1247
147.197
MET does not have solution even after MET smearing.
The solution is returned as if Delta was zero ...
75.2634
80.5109
82.9774
52.8328
47.033
45.8569
30.1984
76.7432
13.4081
43.2714
28.0561
53.0461
27.166
22.6744
80.6923
34.9134
66.3736
110.705
71.1551
51.8903
32.2705
43.9945
5.13659
88.9993
25.1132
69.6658
20.1851
24.4755
30.5193
16.8912
58.6281
3.23507
27.0409
9.8474
17.5825
13.9691
22.7731
15.257
22.1824
42.1269
124.296
62.1771
33.9401
42.8276
21.2022
7.13582
64.948
8.98443
51.2532
23.5152
57.82
55.8833
47.5178
27.1966
79.0725
0.204743
12.7097
52.8023
26.5397
125.349
14.1715
49.447
23.7244
59.8754
100.568
107.906
15.6366
4.25821
141.704
52.4098
89.7624
41.591
70.1696
31.5243
10.1249
38.631
30.1172
44.9829
1.29119
41.9747
57.0044
96.9219
102.292
9.64787
36.0439
0.547376
52.6788
12.9951
0.115602
35.6329
39.6752
68.371
73.6434
64.2026
41.2362
207.17
MET does not have solution even after MET smearing.
The solution is returned as if Delta was zero ...
24.4761
9.06748
22.1341
5.70632
15.4372
85.6372
47.4536
130.8
82.7165
61.1273
27.2934
7.54943
104.029
58.9513
29.0161
46.1995
57.9482
17.3808
74.4023
32.3258
42.0191
65.9275
46.2903
40.6189
2.66221
33.0588
33.3948
102.851
263.577
MET does not have solution even after MET smearing.
The solution is returned as if Delta was zero ...
35.9537
42.8955
23.6394
59.2115
114.422
50.9123
2.734
28.4458
16.9774
5.23569
66.2487
52.0624
97.4705
7.99622
75.7308
37.8039
3.27775
14.6701
1.60516
93.6985
11.315
24.3217
101.701
23.6174
58.5593
21.2226
57.1276
33.3014
109.024
8.95844
28.1071
9.88687
34.1019
53.3628
61.7748
34.3822
29.9832
37.4567
26.9958
14.0008
56.056
49.3212
44.6444
51.2691
79.4988
188.864
MET does not have solution even after MET smearing.
The solution is returned as if Delta was zero ...
14.1256
53.749
44.851
40.4408
62.4642
2.67409
30.759
52.1834
68.6914
12.137
52.4021
59.9178
32.2218
2.82309
27.8964
143.976
57.7018
29.1148
0.206198
6.20545
61.5213
116.772
171.059
MET does not have solution even after MET smearing.
The solution is returned as if Delta was zero ...
27.6625
49.314
1.88654
69.466
48.6421
138.149
48.4412
60.4243
48.1972
25.5792
12.7585
152.777
MET does not have solution even after MET smearing.
The solution is returned as if Delta was zero ...
3.81139
41.8781
57.2671
1.06954
32.7506
14.329
17.0552
74.3049
22.0896
34.9197
29.722
17.5962
27.7105
59.7198
94.3617
89.2826
69.1628
7.90323
85.0399
92.8799
62.4991
115.269
87.3531
1.6429
71.2007
22.9141
42.9389
110.066
19.4219
29.7824
40.0463
67.9175
83.6088
60.6288
23.4188
60.1923
0.786455
70.2752
21.705
167.234
MET does not have solution even after MET smearing.
The solution is returned as if Delta was zero ...
78.6241
34.8548
33.4381
15.0432
90.1004
4.58008
8.50463
28.8762
74.1878
7.3752
10.8053
53.3036
20.275
55.0379
15.0135
82.261
25.7918
27.191
78.5429
59.5447
64.7446
51.9519
30.2703
85.6124
44.4806
6.67064
8.9736
46.3494
30.9162
34.0569
41.1106
126.316
23.7583
7.92595
33.5585
79.2249
59.0488
6.79746
32.2612
58.01
77.1929
189.5
MET does not have solution even after MET smearing.
The solution is returned as if Delta was zero ...
38.7617
70.5539
16.3805
64.0977
105.357
121.809
61.0884
21.0526
53.5551
31.2099
51.2376
35.8967
52.4155
18.7693
18.7618
116.756
19.8828
80.3939
35.8769
13.9488
15.5551
43.6185
46.8667
54.5381
54.2705
40.3336
6.49977
72.9819
40.4705
36.6621
43.563
82.35
14.4082
51.6187
20.157
32.0424
29.0777
30.9805
34.6635
7.84755
36.1243
83.9734
86.0276
54.5275
27.5272
153.67
MET does not have solution even after MET smearing.
The solution is returned as if Delta was zero ...
16.8513
75.3559
6.40686
19.5785
54.1644
57.3016
18.0562
16.2958
1.2906
28.6798
49.9071
13.8983
31.4304
83.0541
20.5352
10.752
117.875
108.579
34.8914
55.7973
15.5363
14.7873
90.2935
53.1003
95.3208
48.8643
40.2462
37.2832
112.562
52.0582
59.1444
30.0823
54.629
25.3574
26.9349
45.8434
4.03728
79.0625
215.817
24.4259
2.86753
78.4914
4.4348
30.8814
61.795
21.7131
8.18384
44.468
19.5136
8.77472
0.774734
67.0628
75.0768
7.69935
84.6474
51.9383
47.0112
97.357
92.0403
112.523
7.83556
23.0536
61.8982
0.891763
106.588
27.0443
35.7408
12.0965
83.8447
51.0379
78.8375
25.7308
66.5429
84.4484
6.30719
130.83
84.232
118.747
44.4808
7.83502
82.5628
15.0563
8.11801
83.1017
20.8989
11.0631
54.108
19.1938
23.6405
24.5098
52.7383
0.951802
81.5157
69.5998
3.3281
159.738
MET does not have solution even after MET smearing.
The solution is returned as if Delta was zero ...
19.5278
3.14985
53.6978
1.55878
17.2363
50.0858
170.783
MET does not have solution even after MET smearing.
The solution is returned as if Delta was zero ...
19.7405
44.2958
101.965
8.80102
45.5538
82.4207
8.42971
39.8821
80.4168
11.8376
30.1702
117.032
27.1677
11.9426
22.5669
30.9274
65.2578
42.3497
58.4971
37.3742
260.118
MET does not have solution even after MET smearing.
The solution is returned as if Delta was zero ...
73.2971
79.6297
36.0962
30.2375
42.118
93.1763
24.0578
0.140474
59.51
76.3249
8.92111
22.1202
56.1354
60.3778
49.7371
52.8793
46.3679
27.4624
52.9009
11.8549
77.6779
4.87389
4.89797
41.934
6.10338
16.1653
62.1443
103.616
1.06824
43.5544
40.0649
63.0529
38.9096
46.4457
21.5092
34.9567
49.1419
76.1357
44.865
8.83788
39.0416
14.0918
79.6174
90.1272
41.2487
23.053
60.4243
25.6186
28.8209
72.6285
22.3571
70.4088
2.12315
47.9749
36.859
53.106
59.8025
6.95674
14.5946
11.6639
31.2516
113.618
15.5936
44.122
37.4024
273.093
MET does not have solution even after MET smearing.
The solution is returned as if Delta was zero ...
51.7925
19.5229
60.3564
18.3638
61.761
12.0046
66.0788
34.1806
18.9656
51.3161
0.328446
85.0055
111.998
42.1051
36.8348
31.1633
29.3144
88.5993
6.70546
52.5647
34.0472
118.427
46.2958
7.60988
44.8269
29.8239
43.7844
58.3406
28.0527
17.8907
25.1282
69.0485
25.7433
132.872
49.2214
15.1148
28.148
14.036
61.7393
97.5989
49.569
14.0947
60.6107
13.1023
20.0922
42.3109
37.9622
10.2237
76.0127
99.2256
82.286
29.0477
33.1904
38.3172
1.64935
170.567
27.927
41.9236
55.3742
54.7141
18.4139
47.8034
63.7995
47.0929
49.6963
13.9231
131.605
4.57335
47.8423
63.9351
61.624
24.2527
17.7397
23.5376
23.8392
16.9355
78.3114
12.8103
8.14714
23.6621
31.6788
23.2361
42.0402
2.63874
32.6509
46.3942
0.318448
10.8997
50.5824
31.9734
21.4974
113.59
43.0155
10.3547
19.5143
45.9289
69.0898
8.60258
65.412
46.6156
46.1781
11.2556
46.8399
61.6247
63.6387
50.9476
54.4865
62.9422
4.29408
79.2014
78.9117
61.344
21.7565
10.3857
26.5175
37.7281
4.22411
58.1565
12.1993
38.9564
61.8197
12.4229
113.631
48.4666
55.3198
130.713
47.4673
58.0097
111.832
55.9528
80.1904
0.167199
1.48891
87.3384
99.4303
1.36596
55.5182
25.9449
0.107561
3.51777
7.9583
77.1089
133.463
43.9302
38.0994
56.2245
116.905
47.2801
22.8435
36.2616
109.022
104.979
99.3686
28.0594
31.9949
29.6865
15.8136
21.4073
53.8974
12.4603
55.6851
45.2597
65.6089
46.6148
82.7398
154.02
19.2003
58.712
9.84021
13.6808
32.1185
1.21105
13.0826
38.2922
10.1947
68.7997
24.2347
75.2493
18.5962
19.6909
29.1594
10.6186
28.7637
25.4168
33.1917
33.3942
35.4986
23.059
39.3638
41.5578
17.7919
32.3791
50.5852
23.9357
4.51867
8.06736
48.3488
21.6269
16.6783
25.6228
23.7176
9.92744
22.3439
41.1059
36.0791
27.639
17.2938
63.6343
29.0064
47.9228
132.713
8.08925
36.2266
89.5783
99.0229
37.2989
19.5098
20.1642
25.5494
45.5844
66.4758
18.9648
50.1701
75.4445
1.88099
6.49165
3.21144
75.7943
32.3004
46.0854
27.8364
128.847
MET does not have solution even after MET smearing.
The solution is returned as if Delta was zero ...
66.4041
93.5935
24.2549
86.527
29.8133
59.0089
22.2604
47.4527
7.71507
1.89473
4.05
30.8207
47.8709
2.2941
59.7946
37.0492
7.43088
18.892
19.073
32.8869
0.00581192
68.3202
107.9
56.3386
15.0253
9.42261
71.3354
23.9893
6.2795
127.265
1.37823
24.6792
70.2404
47.7174
11.3745
6.23606
58.4643
56.4136
139.258
125.105
2.77681
33.0727
9.26786
21.9676
101.194
30.3106
25.9819
0.153085
68.1808
11.7266
73.7605
32.3484
104.73
99.3225
58.1913
57.9444
112.963
113.787
3.4684
15.6147
0.0874399
36.3249
61.2229
53.5198
96.9894
101.142
56.4395
36.7582
59.9501
75.0044
13.4234
176.785
MET does not have solution even after MET smearing.
The solution is returned as if Delta was zero ...
62.1432
6.15555
74.6734
11.6793
139.689
2.77539
184.57
MET does not have solution even after MET smearing.
The solution is returned as if Delta was zero ...
120.949
39.1506
69.6362
74.9493
47.6733
147.302
55.6813
3.25036
151.294
0.958159
39.8015
14.143
12.4438
8.83383
48.6524
70.8807
13.4672
67.4516
73.2828
27.942
41.1382
53.5966
16.7874
14.2772
30.506
6.77873
8.85772
51.831
37.3694
92.775
43.1081
0.12405
34.8442
75.9141
28.336
9.1917
85.2965
65.5151
34.0232
73.539
68.2419
48.146
15.4611
22.7759
17.8594
25.3555
58.7728
94.7932
66.4032
69.86
46.9717
30.0414
35.9545
57.7562
33.4506
31.6756
7.02548
44.9178
58.8215
130.409
109.124
53.6069
69.0602
38.1094
35.1502
41.6762
64.9319
1.4562
62.875
15.4661
84.1177
47.0016
38.3818
40.7298
73.8136
41.5648
22.4823
7.24161
50.0809
39.8909
20.8224
15.4551
2.354
18.4436
63.3409
65.6087
55.8852
109.564
1.72308
116.83
87.8515
60.4787
97.0066
19.9326
106.909
42.4452
49.9817
43.992
65.5276
33.5284
89.8461
33.8222
11.4054
23.4973
7.81243
2.7669
27.8815
73.7295
41.36
57.3089
113.743
47.4622
69.0135
46.0565
33.6897
9.67683
102.779
52.143
26.0453
41.7339
44.6999
27.653
17.9691
1.30992
22.7691
108.004
67.5219
70.2721
72.766
70.0164
102.13
75.7941
35.8883
63.6978
88.0306
60.2067
13.6876
61.5918
74.7012
41.25
16.1175
86.6181
33.1827
82.2368
18.5132
34.8407
6.53593
10.886
47.6922
34.8253
65.1339
103.059
65.1109
32.4128
35.0574
98.502
48.7533
7.38722
54.971
68.158
5.75442
14.4707
67.9095
47.6366
101.82
20.3973
26.6859
16.6172
373.485
MET does not have solution even after MET smearing.
The solution is returned as if Delta was zero ...
24.7853
6.21336
31.5364
31.0931
72.8878
70.4672
34.2692
4.3333
85.9063
179.088
14.6553
62.5235
56.9333
9.64663
28.2568
38.3279
42.3179
8.05254
20.0744
87.7244
71.493
65.9239
47.3784
48.7371
86.1169
67.0991
100.745
42.8641
55.7726
39.2675
10.7693
6.05687
13.7408
89.2317
61.0208
94.374
69.622
113.463
34.4398
94.5377
66.1862
111.006
38.4175
121.481
10.7475
43.6903
1.86951
35.6938
82.7941
3.03851
65.325
17.2704
16.7406
39.7841
29.0338
12.9779
45.8278
106.641
121.226
42.8834
44.4838
2.05795
40.8144
20.1077
23.6242
21.0293
27.0908
34.206
15.8861
21.5911
59.0059
26.1434
8.51012
42.3408
7.05111
144.471
67.8484
70.864
14.3147
61.0851
19.4493
40.7013
52.3218
99.8407
78.4037
81.8295
99.7145
60.2052
64.0596
46.8333
28.0793
74.1964
97.9634
99.9604
32.7337
24.4778
21.0524
42.4887
109.96
78.8477
56.1652
16.264
40.3629
14.7745
42.0278
27.1349
43.0753
18.2603
17.1981
90.0261
51.2916
63.3619
29.4857
26.8254
29.005
59.2778
17.0745
30.7116
39.1719
11.504
13.2418
57.377
47.0299
72.4295
10.2593
41.9557
0.0151064
5.65572
23.6965
2.54878
18.4481
10.6024
42.0462
24.3358
22.0948
172.377
MET does not have solution even after MET smearing.
The solution is returned as if Delta was zero ...
43.8262
34.3318
41.6996
19.8415
51.4721
6.94428
19.3578
60.0229
18.4608
42.856
72.6309
71.0711
33.0932
40.5534
64.634
8.96646
11.3443
62.8287
59.7666
28.0711
74.3574
57.392
70.6209
29.2554
15.5995
11.8448
18.3406
123.315
41.0521
143.265
75.9156
22.589
121.486
50.8461
37.4413
43.4048
70.64
0.615686
16.4707
30.6723
67.9166
40.2458
61.707
17.6537
183.824
MET does not have solution even after MET smearing.
The solution is returned as if Delta was zero ...
93.4127
0.697168
15.9567
7.97015
3.06134
61.7929
14.5714
37.6966
57.066
56.1276
55.3249
21.6769
38.2685
26.5927
30.1104
82.5858
106.202
63.1895
61.0907
44.9639
10.8613
33.5713
71.106
8.4309
35.4095
27.7659
2.37879
6.3753
47.3656
65.6334
20.4113
57.0518
43.4526
87.7096
18.6445
19.7072
24.856
54.8353
85.1235
75.7329
42.9271
42.5231
76.4561
14.597
42.3923
68.6423
38.642
479.23
MET does not have solution even after MET smearing.
The solution is returned as if Delta was zero ...
58.8086
28.7704
52.9301
45.8009
12.9969
17.7773
39.1048
24.662
15.3883
80.7448
60.8985
7.67609
39.0722
17.9833
102.519
54.7151
60.9259
108.214
143.698
34.9368
43.059
46.3686
75.7516
40.5575
51.2117
0.929384
118.571
73.2151
63.3278
21.9624
13.2583
59.1884
107.542
36.9865
8.12248
120.22
38.6811
61.7848
10.227
26.5262
4.68612
35.2923
6.3418
60.9805
34.368
28.195
31.5752
63.5976
71.8414
33.9399
60.1885
19.9883
22.59
47.9408
45.9219
27.8118
64.2854
63.067
64.6224
36.5401
48.8884
47.6672
9.95389
14.1784
11.9172
6.44737
96.7399
98.9733
64.5186
23.1743
50.2667
170.691
26.6201
70.6301
63.2594
26.7532
61.2328
84.0531
70.8922
97.3891
47.837
73.2438
30.2383
20.4789
7.37512
15.5351
19.048
29.1241
21.6994
43.1878
27.6361
5.0809
98.2651
24.3394
79.8166
44.6328
12.4526
21.1513
40.7364
53.4796
45.2333
2.17315
34.4591
26.158
116.73
42.148
20.676
52.8433
63.2321
30.8804
159.53
MET does not have solution even after MET smearing.
The solution is returned as if Delta was zero ...
36.9595
38.6639
56.1754
74.7903
17.745
7.54533
3.40324
70.7755
57.3301
41.8572
42.6863
107.75
14.2249
32.3498
52.3662
42.5143
53.2119
79.9823
27.1991
91.2466
22.7517
63.1345
13.3566
45.8355
64.3216
96.7522
62.9734
69.8452
57.7556
32.3968
36.3055
94.5145
55.4869
85.7424
59.4767
88.0222
35.7099
9.32217
59.7943
20.758
15.0913
3.38406
18.8928
115.255
96.9428
39.1976
26.6973
17.3769
40.2567
49.7745
15.5273
67.5752
125.439
27.8775
25.212
39.3225
68.8085
17.3583
40.1715
32.983
9.63735
49.9151
30.4788
38.9061
16.6147
57.43
85.0854
4.47415
53.402
18.7381
68.6582
0.0424373
50.3782
87.9057
16.749
83.7112
9.58546
78.6073
76.2635
7.77041
61.2293
12.5784
9.4362
22.2494
39.9879
2.79464
41.836
20.8355
25.4342
54.0616
99.8389
55.2158
6.3321
23.9557
39.3774
91.4637
73.2876
66.0274
4.41718
21.5624
109.801
63.7108
56.6434
93.2135
3.65598
45.4164
68.2289
95.608
34.3656
49.107
55.8665
8.29799
13.4204
23.5724
16.1492
23.7012
81.579
5.49527
45.1104
19.6705
75.024
5.06729
11.5681
43.815
93.8436
58.8366
74.9557
40.0009
10.8533
79.7134
96.742
38.239
34.0689
155.143
MET does not have solution even after MET smearing.
The solution is returned as if Delta was zero ...
2.81983
94.088
47.4648
76.4043
69.5211
60.2222
40.8717
38.4893
67.7515
27.6976
88.7346
148.19
4.04001
3.88589
133.986
93.8163
43.2875
79.0671
4.0375
77.4224
11.6114
76.5887
20.9766
37.3941
86.9278
41.3423
82.7836
10.9048
32.3992
7.24259
1.5038
80.4771
23.8001
34.4057
132.942
6.17381
11.268
8.23467
68.6071
110.14
64.1805
3.21249
3.96013
34.4675
3.43664
213.263
MET does not have solution even after MET smearing.
The solution is returned as if Delta was zero ...
69.6553
8.91349
29.3907
4.7926
51.6257
90.342
62.2169
86.5269
6.58198
85.6239
31.3655
22.3186
26.0395
59.9674
129.898
MET does not have solution even after MET smearing.
The solution is returned as if Delta was zero ...
28.6506
49.7023
49.0412
65.8506
87.0422
29.7586
331.812
MET does not have solution even after MET smearing.
The solution is returned as if Delta was zero ...
9.42719
14.0576
27.4755
38.0666
18.8386
22.1852
55.2402
20.3806
12.0017
6.90381
45.2048
74.8645
155.47
MET does not have solution even after MET smearing.
The solution is returned as if Delta was zero ...
25.6862
44.2135
32.4026
68.0064
17.2749
65.6253
64.727
13.7352
141.825
MET does not have solution even after MET smearing.
The solution is returned as if Delta was zero ...
70.5471
17.6885
19.0111
68.2007
63.5286
45.0736
36.8668
24.7124
30.8169
84.459
30.9997
74.5864
48.8479
69.8683
105.813
125.461
5.12091
43.578
84.9536
55.8564
113.157
30.3575
40.9601
25.5331
59.8537
70.6018
109.573
27.3722
58.9397
31.1499
37.5228
83.9208
60.8421
46.6977
60.4408
32.9555
70.2098
61.4632
11.6402
16.0498
46.588
111.739
10.1945
59.4842
77.4213
44.4258
75.093
27.8171
14.2995
17.1735
62.9756
101.695
85.5798
16.7969
27.1467
53.476
143.771
182.678
7.26099
1.4286
8.68412
57.7367
69.3885
72.1501
5.72944
73.254
0.279587
51.2314
27.7965
26.2042
23.7052
43.4943
31.1999
15.1722
11.1639
37.7983
3.08345
46.2461
77.9415
46.5297
31.5158
130.218
76.5994
17.1748
93.1721
55.1472
82.6088
7.68999
14.2971
68.7616
67.4013
24.5503
101.77
63.5631
27.7683
61.7132
2.67956
22.5776
39.7676
46.0322
48.3763
255.303
MET does not have solution even after MET smearing.
The solution is returned as if Delta was zero ...
59.9854
7.06215
58.1374
22.996
27.8672
8.27763
34.0999
55.5435
47.06
35.4639
107.564
40.3129
124.576
113.237
40.8994
65.7154
30.648
0.426045
71.1961
62.4108
20.1306
75.7754
57.557
11.8273
132.02
41.0128
38.6551
142.986
22.2368
34.5464
45.2313
110.731
87.6355
97.6855
1.62936
60.4601
53.8153
39.9247
75.7024
43.0898
16.6228
73.0579
46.4162
9.87224
55.2846
28.2948
9.34994
14.909
7.51762
19.5513
49.0621
5.65285
17.4505
33.7297
82.3493
67.4492
61.3255
56.9935
12.0376
68.8022
5.10798
134.364
12.0399
35.7825
45.0359
85.1858
64.1421
49.3003
13.6651
26.469
148.838
36.8113
39.4701
25.6515
13.5867
40.2063
52.0235
29.7767
4.22182
79.6165
8.73591
46.0604
60.0091
7.65092
101.232
31.5214
67.7904
146.538
143.966
MET does not have solution even after MET smearing.
The solution is returned as if Delta was zero ...
121.44
63.6894
25.1839
90.2345
42.0917
0.442428
103.348
30.9571
115.736
101.927
16.4395
15.8372
36.6351
24.8768
25.5691
46.4015
22.6487
17.8766
51.0018
1.94956
17.4351
20.1888
121.036
83.4095
58.4586
7.03345
16.1093
71.3449
58.7251
38.6364
24.2743
111.937
33.1318
65.3207
14.8077
42.1131
56.1229
65.4574
23.4116
12.6092
52.9199
10.5498
25.0879
37.0549
3.17739
65.9597
69.5885
62.8646
51.3206
54.9418
62.9794
10.2461
54.7537
8.11752
31.4234
22.5613
37.6518
8.34097
40.7137
31.3574
29.5641
69.6923
7.58126
20.2015
33.6701
60.1546
34.3755
7.1126
98.2673
16.997
1.85364
2.22485
108.351
60.9617
30.725
150.238
27.48
28.5867
81.3782
30.8338
62.9313
21.376
30.5825
6.06389
26.1683
13.8709
19.1947
37.1493
66.0928
58.5298
20.575
45.3121
38.6725
51.4779
54.3124
33.8855
64.9485
18.5243
6.15431
69.1505
91.6907
25.8735
53.6138
67.7026
39.9466
81.9523
107.377
45.9203
11.4078
80.7776
51.5899
51.3347
18.696
76.1135
82.1788
34.2597
25.6551
3.63219
21.4112
13.8694
38.5165
127.794
84.3858
79.6733
21.233
90.2121
65.5794
66.5936
83.3595
101.933
54.8884
94.9999
27.0771
33.962
1.74991
67.9104
4.75711
18.2753
45.0703
83.5959
1.43823
28.8718
22.9534
72.7708
71.8925
26.8276
36.5944
34.53
59.8236
38.8683
76.2459
80.0159
22.1128
142.277
43.0342
64.8697
61.3119
37.9824
67.5437
69.739
76.0829
1.42388
31.0107
28.6629
46.9915
8.3244
14.9915
30.777
6.21122
49.2731
15.6343
16.7395
10.7564
33.3459
113.144
30.2109
0.117221
36.6514
53.8338
28.3154
100.984
123.771
35.8544
7.87612
9.33438
25.1079
4.95335
62.7418
33.0149
124.481
29.3746
9.06832
15.6936
36.6675
70.5279
4.7383
26.4638
27.8593
41.4953
79.7149
29.1342
88.4783
74.0571
116.445
12.1458
56.5467
38.9319
82.5714
19.5386
46.572
11.3334
37.5704
1.46016
66.3456
13.7498
21.5471
62.3083
66.6797
71.7167
38.79
69.674
33.4807
14.2214
8.74406
68.6681
89.2504
37.8226
36.5811
19.9709
67.3287
38.4907
2.16715
33.3713
90.663
118.573
18.9315
45.8301
4.74939
17.0427
38.3883
30.1342
64.4822
16.9758
26.729
44.5497
89.8792
17.279
5.01457
86.5475
24.9494
54.9194
28.4952
12.4736
99.8117
61.795
15.8311
112.898
5.17563
29.3021
55.6677
5.63475
42.457
53.4481
5.34982
40.1374
66.5978
85.204
77.6374
50.9847
70.2104
22.4672
68.901
25.3109
62.4098
111.45
66.1682
24.6617
44.1981
34.5481
40.417
2.73825
30.0681
81.1976
3.31019
34.2495
18.6973
70.1254
79.0288
117.625
7.81096
98.5258
1.80931
34.9677
72.2023
30.258
1.5163
85.8101
82.0504
3.50676
66.0708
73.5634
14.8216
52.0142
42.1493
49.0312
111.124
47.8965
38.3934
22.7052
19.5459
10.5449
16.9984
98.4317
6.6648
31.8834
106.284
11.2735
68.8865
42.9536
44.3031
14.3855
18.7788
54.5544
20.9559
7.90343
35.7059
13.9617
17.8464
24.2916
6.08239
47.0246
106.774
40.8972
75.5866
1.61441
10.1948
7.38875
74.0428
40.9991
56.9054
74.7274
36.3619
5.76149
61.0433
0.0540727
18.279
3.48773
31.3138
91.7278
26.7754
7.67518
55.0068
7.11549
47.9241
48.2257
51.08
27.5842
50.1003
45.8294
27.2304
2.52998
75.7694
7.12903
17.8663
38.8275
29.0236
9.65587
41.682
6.44724
18.8901
62.8244
23.7647
97.6018
54.858
49.1138
58.6517
59.3084
39.2268
41.4189
34.4493
37.5844
82.7495
106.592
117.311
25.961
24.6406
54.4762
45.7943
8.6894
33.6995
12.275
33.9987
4.54165
20.0932
44.5878
60.9315
1.80904
35.7902
37.5397
56.2206
56.597
13.5474
36.3181
30.0503
5.00963
107.924
45.7069
13.8103
10.5831
55.1544
66.2108
105.096
88.3445
9.74983
84.1723
61.0265
74.3945
77.8358
87.0031
3.0294
77.7052
71.1746
53.2934
108.262
38.8006
37.1914
35.7433
10.311
105.386
211.888
MET does not have solution even after MET smearing.
The solution is returned as if Delta was zero ...
114.348
1.83183
79.9845
36.6381
36.5574
90.9601
122.126
88.6116
1.05124
44.005
57.4252
67.5432
16.5391
45.1072
128.263
65.4036
5.46579
35.6093
145.922
51.2117
51.6589
33.1387
86.548
62.682
49.1313
42.6639
31.6575
75.297
49.5443
50.5759
119.64
66.7573
37.9671
65.9988
87.4371
66.0876
39.1692
35.5897
42.1604
18.4927
90.6615
46.2947
21.818
78.6387
12.0171
47.7993
32.8784
46.7756
99.8474
152.635
MET does not have solution even after MET smearing.
The solution is returned as if Delta was zero ...
163.757
MET does not have solution even after MET smearing.
The solution is returned as if Delta was zero ...
11.7379
48.3809
33.4569
166.264
MET does not have solution even after MET smearing.
The solution is returned as if Delta was zero ...
30.8951
109.7
84.2293
26.8745
173.039
8.89592
30.6155
1.83729
42.7949
28.6974
20.6994
92.8119
5.47467
36.5079
25.6748
105.952
56.1124
194.153
43.9126
116.134
35.087
47.9472
31.9237
50.7054
5.67446
19.7258
34.7244
106.164
7.11337
35.0632
64.5524
17.7508
64.9207
42.4344
78.5307
6.42682
67.973
41.5043
58.7273
117.951
11.2658
69.5477
51.8466
38.061
84.3862
41.32
22.6853
98.6296
35.0795
96.9734
92.1978
33.8234
63.515
5.84185
18.8322
23.2116
8.13312
16.7998
78.6571
2.48913
21.4514
57.428
31.0523
30.3924
36.0941
19.046
22.7831
38.4744
29.1678
62.0111
45.2629
151.366
7.03091
76.1269
71.3059
54.2538
42.4456
67.9572
169.335
88.6237
123.77
84.4988
72.0278
3.44228
49.0657
49.8399
2.09354
17.3708
59.5013
35.4541
61.2813
15.3957
43.9257
74.6479
2.60228
112.022
90.9645
49.4034
18.1254
42.9019
1.48533
73.24
6.48687
24.9285
5.16479
124.265
35.8981
101.307
109.436
3.39073
69.4097
70.5675
80.443
4.70303
93.2155
17.7127
127.088
25.586
42.8524
61.1454
7.56842
47.4664
94.5105
27.6843
71.7851
64.764
45.8885
71.4427
28.9794
67.233
7.34558
58.6857
14.2886
37.3205
35.9095
0.904181
141.43
MET does not have solution even after MET smearing.
The solution is returned as if Delta was zero ...
20.1207
17.6328
0.751061
23.8708
17.0655
67.8211
161.985
MET does not have solution even after MET smearing.
The solution is returned as if Delta was zero ...
1.05693
224.438
MET does not have solution even after MET smearing.
The solution is returned as if Delta was zero ...
55.5094
109.059
15.8272
25.5456
60.0039
47.3802
50.151
34.4822
17.0435
32.8691
68.6606
66.7003
15.2899
82.3664
30.4288
0.781751
20.2236
96.6701
26.2118
86.0482
79.7037
17.0555
134.431
7.09074
17.7029
83.5494
49.1341
29.9726
7.88798
73.6187
57.435
30.271
13.7863
28.5526
36.4425
77.1315
53.103
119.626
83.8072
6.48991
87.1164
25.8863
29.2464
6.62267
30.9031
28.7977
44.4998
14.0162
18.8402
39.9917
40.8671
68.883
27.8439
42.7519
8.44799
88.0336
31.3766
86.185
33.2854
34.2427
70.9894
9.9719
95.7433
8.84941
87.2117
31.5683
51.8189
37.7555
16.4773
22.7273
34.9246
27.7244
73.2283
58.3767
19.5827
13.6744
35.7375
21.9375
5.61809
51.5478
6.69081
96.3753
17.0548
49.0401
17.2385
31.5399
14.1051
73.9119
34.7427
78.7782
33.5518
94.7117
13.3306
142.424
49.2561
22.7858
26.4994
34.9988
26.4822
60.0221
11.113
95.9868
118.905
34.2284
27.9594
70.5364
43.5634
16.5012
5.29636
9.03147
19.1235
31.1393
63.275
80.1855
78.4164
44.2537
101.109
3.32103
18.1715
54.467
82.4613
67.9897
72.8032
0.374163
41.6331
44.6435
37.7494
48.0367
17.06
6.85744
9.72324
78.7889
45.5945
60.2471
29.6729
86.7875
1.76422
9.48112
91.3146
17.3853
95.2376
129.308
32.1222
46.2357
25.1337
60.2832
36.1079
131.347
22.0621
113.09
63.6527
67.1268
4.6401
33.1204
49.3725
9.17831
46.9721
75.1005
77.8264
16.8397
49.0225
75.9376
23.839
7.07043
84.8456
13.4722
54.2399
24.2072
90.5174
72.1861
56.092
7.7666
82.6008
26.1259
4.95763
92.1636
12.1156
43.9689
80.8302
48.2454
21.4344
30.4186
57.305
39.6273
52.5393
35.9042
77.982
17.6102
9.75243
48.8158
34.3227
68.3771
32.695
51.0258
51.2355
70.4361
31.0149
35.6047
34.7988
66.5725
76.6944
28.3556
93.4058
18.8871
34.9609
56.2504
33.11
29.9723
72.6668
1.20535
91.5874
64.5338
21.3674
51.4895
28.6716
76.9829
41.1359
96.8188
48.4635
0.288484
88.397
62.1989
19.7185
80.3218
23.9553
70.9573
49.4785
51.9544
20.8688
31.909
83.8515
69.8232
6.17704
24.1646
115.602
76.2753
21.3706
22.1767
0.632556
86.7725
50.5836
63.8012
8.50352
118.39
21.2549
126.098
20.0288
32.0261
284.323
MET does not have solution even after mW smearing.
The solution is returned as if Delta was zero ...
MET does not have solution even after MET smearing.
The solution is returned as if Delta was zero ...
35.7692
140.365
40.1698
35.7794
58.6838
18.4436
13.5088
22.5853
62.2671
67.774
27.5558
70.5203
10.8518
75.131
87.0378
41.9079
31.1907
65.4648
69.8231
54.7858
59.0329
38.4512
66.5821
7.61053
33.7657
42.2364
71.901
1.1879
16.1763
52.753
44.2427
19.4896
52.8123
26.8427
37.1385
70.6598
54.3287
33.1152
2.00773
25.7702
56.3899
2.30409
68.6002
121.026
51.7924
42.1015
43.0876
14.1798
14.8695
42.4367
58.1227
44.3155
1.21549
6.724
75.7496
59.339
54.8925
92.1839
5.07097
44.8207
3.04001
29.6593
86.2205
28.0805
11.0834
7.81656
242.399
MET does not have solution even after MET smearing.
The solution is returned as if Delta was zero ...
12.9781
189.521
MET does not have solution even after MET smearing.
The solution is returned as if Delta was zero ...
152.364
7.78449
138.207
31.7156
55.9603
1.73253
33.976
37.9539
25.525
60.0925
65.1619
85.1578
7.4502
0.686413
45.8277
11.8184
82.7922
34.5585
20.3748
53.8889
47.9232
15.1859
21.8543
44.0729
56.3266
90.0506
10.6119
8.41937
88.3869
16.2272
69.1911
49.9358
20.5119
85.1927
61.2893
16.1774
60.594
62.6087
102.87
112.384
71.5222
43.8329
6.48242
97.2731
80.3332
51.8608
49.0882
11.4415
3.39961
15.0577
55.5674
14.2174
44.259
18.4279
107.857
26.7559
58.7489
26.5339
8.33791
113.249
30.1487
60.9453
80.9928
5.43462
96.2271
24.2063
74.8031
26.4847
101.865
112.222
3.26929
8.88418
38.1438
2.65628
9.02975
36.8436
51.8684
25.591
77.5487
55.4505
63.4465
48.8401
10.3713
15.6805
42.4955
41.0686
41.4758
74.7061
12.3172
11.4973
2.72765
53.877
32.2307
55.1702
112.71
54.7255
37.5058
94.105
47.5025
37.8842
219.428
42.0352
49.0388
87.612
13.3533
84.6384
26.1864
39.6804
43.7522
57.7998
23.6232
80.6595
43.6827
63.0594
5.63882
26.7035
100.365
57.9616
143.099
26.6595
74.6712
24.6805
19.844
76.3724
75.179
44.0648
42.8161
90.3519
37.8917
42.6905
64.3352
21.012
25.2357
63.4669
40.6663
38.7806
47.5136
22.718
35.9527
0.268929
31.8147
17.0385
26.7714
1.69668
115.766
48.875
44.4283
8.43284
51.5494
18.565
49.8054
27.0311
3.12047
81.532
32.3972
74.3803
37.5222
22.7732
2.29804
4.48141
17.8569
30.2409
69.7371
31.4064
63.2231
15.3074
37.6351
62.6518
93.0007
87.1463
45.5821
43.9883
76.4337
142.135
63.0961
20.218
22.7454
38.8176
89.1439
50.5147
35.6795
6.08654
31.5944
21.811
89.1061
30.6451
24.0936
53.1364
18.3136
88.2343
54.0586
21.5428
25.8897
64.3599
93.6085
48.1948
92.5235
19.5696
77.9699
44.3241
62.7946
49.2404
44.0071
50.6365
3.67842
63.654
58.8327
70.0096
24.1288
34.6535
77.4751
97.2308
74.6944
41.2402
60.9078
16.8105
14.2218
17.5851
40.8531
60.4913
398.767
30.6221
67.5647
33.8699
65.5021
1.95851
6.15724
16.0588
15.4063
18.5506
56.4874
162.421
57.975
50.281
19.4696
49.5845
53.6693
9.49291
14.6289
55.9935
46.834
97.7069
79.9728
37.9108
15.4696
57.2063
172.225
MET does not have solution even after MET smearing.
The solution is returned as if Delta was zero ...
70.7435
41.7435
44.0802
21.0233
5.56531
9.91002
42.2586
3.01845
41.9811
19.9341
46.6526
82.6441
21.5727
9.83206
56.0466
44.7068
4.70394
4.07812
79.3435
52.8738
20.002
98.8138
10.9163
30.1094
48.5287
32.9783
2.39905
91.3838
15.1725
22.4048
70.3246
12.0851
21.3995
36.2444
78.4083
7.67584
64.8295
124.815
144.763
MET does not have solution even after MET smearing.
The solution is returned as if Delta was zero ...
38.3818
8.75562
29.2032
22.9655
23.7054
90.7166
95.4881
11.5213
109.653
142.107
MET does not have solution even after MET smearing.
The solution is returned as if Delta was zero ...
98.7545
6.99936
34.0399
78.3133
59.4577
62.8933
73.8228
115.612
45.6169
32.4581
64.6512
87.0084
51.4599
52.3134
74.5539
8.11237
101.206
3.77358
110.618
118.334
24.3552
1.88273
146.985
22.3359
44.1202
32.7781
49.673
10.9061
56.4648
33.4831
120.757
9.05965
86.3712
30.1588
45.6055
73.1882
166.634
21.1572
68.543
46.4637
30.2796
10.7189
88.2753
107.201
22.996
83.4572
6.29624
79.1469
31.6484
31.8565
65.9197
43.3864
71.3253
41.9355
0.575849
29.8327
61.7082
34.0591
118.147
49.2988
33.3616
75.2474
35.2656
34.1416
44.233
9.25869
61.5804
76.8457
11.6658
14.0673
42.1398
44.7719
96.098
29.2261
82.3184
76.3516
58.0622
23.1336
42.5107
70.017
5.6121
58.2753
10.1741
13.6631
69.4947
37.4246
21.3629
56.493
11.1103
32.3258
104.593
141.555
4.0954
30.1916
52.5046
2.05204
13.643
71.0743
44.482
60.237
64.0393
61.7655
162.096
18.6879
24.4538
24.2441
65.9129
5.78271
40.6798
28.535
73.9938
1.75649
25.1657
20.7813
80.2626
177.886
14.8318
164.264
MET does not have solution even after MET smearing.
The solution is returned as if Delta was zero ...
100.419
60.8792
114.511
7.40964
25.3844
81.4085
6.99103
7.83633
48.0528
51.1117
31.7903
47.5182
53.9049
119.043
31.4648
42.9448
62.1396
0.722792
135.416
MET does not have solution even after MET smearing.
The solution is returned as if Delta was zero ...
1.11786
34.7419
15.6695
21.8095
44.3828
41.3593
66.0473
90.9114
64.9111
51.6472
59.9802
74.9011
43.1502
14.2532
7.5129
37.102
53.3477
78.766
303.64
MET does not have solution even after MET smearing.
The solution is returned as if Delta was zero ...
49.8836
51.3251
97.4985
30.8145
11.7034
8.52474
43.6645
151.467
83.2268
114.401
36.5773
18.8725
63.0764
56.7891
27.8762
57.7856
89.1007
46.6742
59.778
1.42219
100.858
20.4312
78.4409
48.853
66.4695
24.914
36.9172
9.1903
22.9669
27.0455
1.82875
71.8711
28.8216
28.5297
15.7316
149.835
48.9299
60.0594
0.958934
55.4801
85.4614
125.479
15.8496
15.7841
14.5793
62.8251
47.8916
52.6819
49.0109
21.4609
9.46616
74.6817
28.6257
80.3944
1.00913
70.996
43.1213
3.28178
27.2661
97.6773
73.7157
27.0253
41.4596
12.0993
47.4138
35.9431
51.0901
32.6397
26.5928
22.6596
63.9822
11.7175
111.232
3.98181
47.064
22.0138
16.0998
6.6653
78.8131
278.439
MET does not have solution even after MET smearing.
The solution is returned as if Delta was zero ...
31.1347
66.787
142.58
89.819
3.80092
28.8167
48.0934
18.1741
25.4958
37.6434
8.73878
16.2192
38.1301
47.3732
84.8236
41.9009
34.8673
25.2015
28.2936
57.3015
74.3481
36.6041
112.316
14.2202
93.5934
48.62
11.4923
32.4276
54.7958
17.9619
134.968
3.72987
83.6773
39.5884
1.56015
95.6085
21.6547
41.8445
19.3647
59.4786
40.129
32.159
30.4976
40.3196
20.6378
19.47
79.0339
21.533
16.3636
22.7079
97.2263
39.8883
19.507
71.8843
105.127
99.288
33.2432
10.5425
6.33289
23.474
12.5006
11.2508
37.1726
23.2327
35.1999
93.9267
61.2018
95.8677
54.4744
98.9677
8.03844
71.582
125.114
64.7668
89.1145
74.6527
46.1186
11.9713
76.0372
40.6047
72.341
29.6887
10.9451
36.6647
8.89227
6.31139
63.9659
44.6955
51.5318
28.5429
31.9666
120.382
58.593
29.3018
27.8309
14.4642
4.59478
34.1217
22.1987
18.8512
33.1675
6.93097
67.0246
9.33374
33.3772
40.0308
169.969
14.0342
19.6571
35.5037
77.5907
60.416
58.2481
65.1538
74.8212
before closing file input /home/nadjieh/work/samples/postMoriond/May2013/ZZ.root
before endjob
