**************************
SYSTEMATIC SITUATION: 
**************************
JESDOWN SYST
**************************
file number 1: ~/work/samples/postMoriond/May2013/WW.root
I am in tree = 0
inDirect
treeName: WW_2J_1T_JESDown
WW_2J_1T_JESDown	0x303c440
0x303c440 tree afterward
WW_2J_1T_JESDown
2468
72.8511
56.2407
118.384
14.2991
44.1398
47.0492
13.3594
78.4757
31.6056
54.8233
22.5331
62.6054
26.8599
91.6607
54.9284
13.7964
8.2415
66.5551
39.0555
69.4595
76.1429
50.2432
61.9313
91.3034
18.6498
111.088
78.5767
185.746
MET does not have solution even after MET smearing.
The solution is returned as if Delta was zero ...
124.865
55.1102
51.4475
17.6016
61.8119
130.478
50.0699
13.9627
92.5644
81.2268
52.3091
66.5429
18.0308
57.8342
42.7705
85.7456
49.0751
57.285
38.5671
84.1559
90.0629
103.159
2.31149
9.63492
0.876049
61.7174
2.49444
59.1781
44.7866
138.732
MET does not have solution even after MET smearing.
The solution is returned as if Delta was zero ...
108.761
78.4385
81.0657
59.081
26.0875
82.1045
11.9495
16.2239
56.4216
73.1017
0.34255
81.0461
58.6462
68.6611
46.4431
59.7271
71.2322
68.5514
44.3089
65.3295
72.2137
64.2654
80.0716
92.5292
41.2806
78.2906
72.4217
83.4163
42.9823
69.2241
5.44373
4.99272
81.9147
40.5174
81.1277
50.5485
102.449
54.9695
29.9643
59.5091
33.4289
81.5855
60.0884
23.6817
92.7466
45.4637
66.9912
82.5812
93.8333
77.3126
92.8215
36.4021
65.8041
4.6056
85.7264
69.5871
83.9361
108.794
69.1958
60.852
83.0435
24.3092
45.5158
21.1286
89.6371
3.44713
36.3405
74.8887
87.8906
43.562
108.357
89.1398
41.0271
20.8045
56.4907
50.472
75.2668
37.7826
63.2262
77.8562
32.6277
11.9715
83.2166
63.2766
46.8627
32.7175
88.3074
210.514
6.49168
87.5722
62.1456
79.8256
83.9315
100.186
30.864
89.6238
21.5797
58.4568
76.6755
47.1131
14.1314
85.7361
121.3
100.343
48.2405
85.2125
29.8999
2.21843
30.8009
42.8935
74.6647
36.589
55.1888
77.5947
115.333
17.1401
73.9452
75.1434
58.1716
70.5983
53.6205
2.87584
37.1683
67.1557
22.1595
75.5912
95.7584
54.1216
102.591
70.7123
4.1833
94.5453
132.615
78.2436
97.1466
71.7709
110.627
68.4014
6.39729
7.18521
14.9786
83.6526
65.8947
69.2541
128.607
59.0567
62.0869
75.2593
20.6894
80.157
24.8208
27.5832
41.1026
89.3311
24.7055
20.7577
73.4095
95.4832
97.4428
45.0667
81.366
36.2993
89.4069
56.3468
76.3913
70.8938
110.588
63.1605
34.482
65.2263
28.7479
91.1332
67.9427
88.5062
63.3305
49.8651
39.3937
229.352
MET does not have solution even after MET smearing.
The solution is returned as if Delta was zero ...
55.6638
109.134
53.9385
119.644
95.5564
71.5
60.7687
42.0921
27.9685
64.5501
48.4688
49.3893
64.3528
73.5367
81.1175
38.4389
41.7247
47.0839
41.4012
92.2095
68.7545
74.3088
82.8805
96.9373
70.7086
110.178
81.1461
68.8063
9.13045
56.5547
72.2847
125.289
74.8466
74.0514
15.9477
69.6537
92.426
40.6554
76.9369
26.2777
22.3887
71.5278
69.3265
100.071
72.3991
96.4156
31.2083
110.559
79.2231
12.2467
34.501
64.7432
42.8421
53.9369
33.671
20.7668
100.753
102.669
57.5322
67.4065
10.9398
87.4231
103.137
17.3418
41.8409
94.1256
56.5347
96.7786
102.12
94.5059
44.9113
82.2213
58.5207
41.6584
80.3031
77.1397
1.94061
69.1409
58.3749
28.4306
100.886
74.277
10.3758
1.87672
95.68
59.4395
70.8921
75.1832
71.9605
85.6218
91.1381
76.4552
54.7421
61.8304
24.967
43.7721
77.2373
80.8719
25.5686
32.0314
53.3369
33.8376
43.9202
86.14
68.9607
88.6337
22.2829
118.617
34.838
64.681
84.3524
58.2414
88.5422
99.2398
101.754
41.457
83.2017
39.3678
74.8417
89.1665
80.9877
3.94742
63.0685
1.05251
32.537
57.4597
54.527
74.1323
63.8465
62.7758
88.8855
3.59032
118.405
84.6757
126.195
187.568
MET does not have solution even after MET smearing.
The solution is returned as if Delta was zero ...
88.1738
9.57593
83.1692
64.4053
56.04
101.016
86.8757
170.729
MET does not have solution even after MET smearing.
The solution is returned as if Delta was zero ...
80.661
46.1866
56.8309
72.0334
86.289
69.8663
54.7861
92.9218
3.83781
97.1906
14.9831
57.9426
64.0563
27.576
48.4309
11.3766
17.2141
86.0763
87.9003
109.944
79.2489
74.3093
79.9231
4.79607
82.5913
19.338
86.2902
5.14569
74.6089
21.1297
22.8216
38.7515
18.2566
61.6058
80.2034
78.8049
7.52897
67.3081
49.2083
49.571
114.368
59.5661
80.8409
29.2007
68.9917
14.9643
41.3312
13.4408
102.095
30.2727
78.1738
38.2135
46.8344
96.9807
35.3903
31.5436
66.993
34.8952
91.8815
67.1044
17.3317
84
71.2564
80.32
108.885
70.2556
89.8959
81.5938
77.1275
72.4103
100.436
49.1497
71.8409
84.7751
99.992
84.1508
85.9199
85.9072
40.5854
88.0618
12.472
10.0694
51.0898
53.9222
88.5823
113.212
71.5304
101.714
104.388
69.7452
58.019
71.3987
90.8333
54.5782
93.2211
75.8302
49.0519
38.2364
62.3423
53.7928
60.5541
67.6804
258.197
MET does not have solution even after MET smearing.
The solution is returned as if Delta was zero ...
67.9646
67.9085
64.6908
107.555
100.097
76.0978
111.761
49.9218
67.4754
1.71044
56.8397
27.8607
70.6001
88.9688
14.0284
90.5484
19.0718
67.3515
55.6023
47.933
18.9995
195.64
MET does not have solution even after MET smearing.
The solution is returned as if Delta was zero ...
83.7014
82.7849
49.6119
43.6259
58.1824
45.4431
81.1507
109.289
53.1465
5.51295
55.6786
36.388
80.319
91.413
53.3136
37.1824
93.1174
113.381
78.3086
46.8402
77.5693
74.1421
55.484
83.2694
115.853
57.8131
69.8218
102.281
109.478
79.4005
46.7202
98.1022
35.7392
1.60227
11.6046
83.8182
63.7285
153.86
MET does not have solution even after MET smearing.
The solution is returned as if Delta was zero ...
96.686
71.1597
63.4341
21.9789
77.2257
10.6382
64.7612
89.9383
13.6345
50.2653
16.0371
45.0882
111.081
70.9794
10.0112
1.23897
32.9779
85.0176
68.2292
50.8023
127.515
MET does not have solution even after MET smearing.
The solution is returned as if Delta was zero ...
56.032
42.0739
84.8296
78.722
6.52211
34.1818
4.78251
166.04
45.5786
46.9137
40.0361
81.1053
46.4695
49.498
112.891
76.2081
39.3711
58.5104
62.9322
99.8514
62.4654
45.6331
79.2787
61.6067
55.0977
91.8985
79.3631
36.3284
7.69045
93.9146
59.9505
2.22552
28.768
90.6124
96.2804
96.6857
68.5064
148.55
MET does not have solution even after MET smearing.
The solution is returned as if Delta was zero ...
112.377
32.1664
89.0051
111.428
59.4475
42.2145
28.1432
76.6436
87.932
34.1396
105.072
55.7639
78.6706
94.1202
84.4555
0.23272
42.7669
59.3472
111.319
34.1614
104.272
72.4108
60.6383
88.2212
102.835
90.1198
82.0133
138.2
5.44629
81.3867
8.91683
58.7937
57.7718
77.5651
10.2445
37.5663
56.433
44.5687
56.3761
81.8423
78.2679
91.1272
5.85083
43.7176
49.4904
37.3139
18.0672
70.8257
32.743
6.173
14.6694
54.1957
4.91261
9.93967
102.546
7.34833
109.984
85.8688
39.8998
110.125
8.92931
319.329
MET does not have solution even after MET smearing.
The solution is returned as if Delta was zero ...
66.1189
57.9043
43.7257
68.4854
69.9821
105.029
84.3685
50.6248
68.4726
85.3467
94.3322
52.5423
85.0125
1.86975
83.0164
73.1881
64.1056
67.2948
81.6383
11.0241
38.1215
74.9406
70.003
72.27
94.7837
72.8612
58.3333
39.3223
9.77172
33.0535
55.8239
55.2187
31.7211
11.5403
50.1583
7.42826
57.4495
57.0766
57.4047
55.3502
46.99
7.33422
34.0159
70.785
2.74358
26.0479
69.8925
99.6779
37.4419
32.5823
80.2986
90.1798
99.0597
69.9573
22.3117
57.8012
41.6041
88.3201
59.8405
70.9429
79.6805
73.3803
63.0927
89.8662
78.1439
87.0658
63.9985
69.3027
110.998
59.594
30.3654
139.708
73.566
55.4958
15.1891
76.7058
32.0305
83.209
344.274
MET does not have solution even after MET smearing.
The solution is returned as if Delta was zero ...
47.9794
78.9464
56.2992
96.189
77.9306
47.2153
16.0076
71.949
43.2081
52.9476
81.7172
78.9544
77.2969
53.5556
65.4354
89.617
6.70892
102.259
36.721
94.373
92.4323
88.2197
81.9483
42.137
62.0697
8.83645
96.0601
45.6791
70.6674
66.2877
77.8727
96.8759
73.2493
16.0749
108.812
91.2499
47.5291
81.628
33.6759
15.8183
34.5292
47.1059
84.795
72.5209
124.357
32.8164
27.3022
69.3743
84.2458
44.0311
66.9223
67.3775
89.8395
75.876
86.0444
73.8211
21.8686
89.1983
47.708
64.3777
55.9209
68.2179
42.8543
20.0347
25.1562
152.72
61.4406
62.3835
76.7022
36.6075
51.7275
6.90511
76.8779
6.89652
94.064
85.0119
72.7439
58.7056
65.4529
97.8534
77.1475
58.0892
24.6462
71.1828
68.6738
78.5089
14.0836
18.8462
104.222
46.0469
105.601
95.9589
83.6751
65.8186
16.758
56.8025
108.703
89.698
65.0632
22.3005
13.4248
50.9796
3.46096
84.1096
50.8995
70.1847
48.7837
86.9355
89.1796
68.2317
53.5506
73.831
19.5524
41.6646
80.5511
68.519
82.4055
101.698
90.9423
66.551
70.0118
33.0989
95.8238
8.98726
66.7604
40.7244
57.323
20.0888
57.5094
17.7098
91.8664
90.6649
47.5749
72.985
86.2697
220.665
MET does not have solution even after MET smearing.
The solution is returned as if Delta was zero ...
88.5496
48.1614
77.5795
67.4375
90.2304
92.2237
77.8184
74.7841
72.8232
79.0634
86.6523
72.1597
76.7762
27.9285
33.7422
92.0075
12.0393
43.0109
71.2378
88.6245
68.7537
79.2266
20.5407
70.0231
51.4334
58.0061
104.371
68.7927
38.5879
81.8117
15.868
76.8068
83.7501
114.521
82.8359
39.2734
90.6291
9.61115
46.4804
52.0912
37.6405
25.4491
85.4586
8.12097
53.3913
62.0361
37.8664
72.1266
71.9278
52.3945
51.499
98.9062
26.3695
99.0338
96.8658
103.532
79.8946
76.329
77.5781
68.0992
86.5569
54.9954
76.4017
11.0616
66.1301
33.0015
126.262
59.3581
86.4828
120.155
27.271
118.391
6.97993
53.0145
32.2047
9.47503
49.8739
74.9933
48.0263
67.6731
33.4638
80.2253
47.3223
108.512
49.3813
81.3919
44.5895
147.871
105.063
88.1858
37.6083
49.9086
84.0271
88.472
96.3119
39.794
106.646
46.3691
63.6286
74.3458
62.7639
66.2183
70.3504
89.3394
19.8131
1.62853
82.7386
62.3628
67.6465
12.7064
54.1141
58.2361
62.1069
125.247
94.7883
68.4361
26.2316
55.6674
4.97451
49.4255
91.3319
60.4469
58.9585
79.3756
98.6633
49.9029
87.7192
14.4123
52.3722
23.6412
67.184
105.866
56.6541
16.1784
35.3497
43.3646
66.3878
60.0606
87.9835
51.7902
82.5355
4.58331
90.6937
72.5507
102.668
32.5359
46.9737
28.1155
66.7108
37.3792
10.2464
28.6258
86.9501
50.2835
86.5756
46.2579
83.0235
61.0802
46.0791
16.8131
86.506
109.323
47.1552
57.6499
45.2546
58.9185
60.4022
89.724
45.9048
97.6042
18.4934
51.469
54.735
2.85161
49.234
106.478
94.8659
26.1534
70.0847
68.3388
102.818
9.04031
11.3463
23.0261
21.8372
95.2462
14.6649
16.3034
94.1951
43.6918
57.1105
87.6702
9.63773
3.37848
119.529
79.1708
78.7759
21.1849
89.1922
79.8798
67.653
86.984
61.9674
75.8534
29.5731
101.265
74.1286
74.294
64.6164
57.8461
72.0357
88.5912
65.1885
44.4898
81.2299
66.2833
73.9249
89.197
33.8618
41.5958
87.1093
49.8727
92.1099
61.5266
63.8747
44.2367
33.2223
64.8036
43.8236
3.26716
85.6088
88.1402
110.903
83.8381
33.7392
54.2454
0.424254
78.2196
106.341
128.092
99.9958
61.8105
90.6377
92.9114
64.5124
121.501
74.2596
44.6766
28.4838
85.3925
95.1317
65.8867
73.9528
52.2512
45.107
30.2913
23.1908
23.3468
88.2575
64.5213
26.775
27.1657
31.0951
42.1011
106.433
95.3723
54.5445
66.1155
88.7672
77.6249
13.4874
222.992
MET does not have solution even after MET smearing.
The solution is returned as if Delta was zero ...
85.9048
57.5551
77.9837
20.883
46.3448
18.6103
72.7331
88.0711
52.7777
27.4915
72.5341
47.3589
65.9659
60.84
50.799
78.9527
94.1429
90.518
94.1725
83.0303
102.295
73.0499
62.3832
89.0393
38.5483
43.6252
68.1949
56.6797
97.1066
19.4969
77.8666
52.2796
86.6217
35.3426
42.3478
71.0015
101.945
20.978
82.9992
96.1284
78.1632
107.546
14.0171
73.8589
11.8544
80.8156
71.8864
89.9634
69.5648
11.1762
44.0108
53.8589
42.7581
249.073
MET does not have solution even after MET smearing.
The solution is returned as if Delta was zero ...
124.058
53.7686
65.9919
67.6407
50.4468
90.8691
103.76
54.9673
67.8989
99.4262
29.2323
65.8447
97.4074
63.5141
64.0814
77.0915
73.4531
31.7519
96.0115
30.5427
73.8918
56.6598
4.46636
38.4059
76.6171
27.1239
87.1819
56.502
91.6956
70.2449
50.3418
36.3921
97.0911
25.0965
59.7202
73.3921
42.9353
86.1126
13.8101
59.8874
86.0738
39.9536
96.5101
26.8884
84.115
94.6164
18.7572
60.9689
80.3508
116.754
70.9295
76.7969
32.4933
98.586
102.333
66.2506
26.9982
24.5747
91.0757
40.0072
0.679578
37.7997
93.267
34.5591
60.9758
0.892293
58.9802
70.8783
62.045
72.5259
50.8017
41.6227
38.3568
69.2088
50.6091
30.2976
86.9438
74.4403
52.9109
67.9149
80.6143
102.49
82.0172
40.5948
61.4121
94.9823
73.8387
77.3684
95.7674
45.9165
36.8959
39.5664
26.6709
76.8101
78.3474
64.9642
296.185
109.602
9.82751
67.8065
64.1402
74.2361
64.7616
79.8227
41.3535
96.0169
26.2557
302.368
MET does not have solution even after MET smearing.
The solution is returned as if Delta was zero ...
54.5425
82.1883
70.3821
92.9334
54.8485
96.3431
38.9178
92.519
25.2306
29.1771
38.8948
27.3987
142.108
24.3989
72.7479
68.1207
36.9851
41.0674
43.7164
306.888
11.6939
63.5796
30.9601
79.6722
42.596
80.3558
85.4195
68.1412
30.943
15.5909
20.1829
66.5079
10.4344
91.0184
110.833
48.9541
52.8033
28.0947
83.9567
57.2077
93.4075
65.013
128.631
55.5829
79.1913
54.5908
54.9818
22.7965
48.6133
58.9288
79.0883
51.5435
29.1781
9.13987
111.871
90.1991
58.7525
51.6128
28.2971
92.3578
62.725
36.9811
86.3122
41.1198
23.9114
15.8838
82.2016
80.892
71.8813
105.714
12.0026
27.5932
70.5461
125.371
63.3346
51.8602
30.6252
90.9413
63.2131
89.9
31.1706
86.2913
80.5026
10.0581
92.9598
63.7049
72.592
64.0263
69.5538
32.1517
71.5435
145.524
MET does not have solution even after MET smearing.
The solution is returned as if Delta was zero ...
63.4228
9.06425
77.3626
73.2596
98.6569
35.5546
82.3838
94.0482
73.1945
17.2447
60.9388
9.13047
32.143
66.7865
101.251
46.601
91.5978
28.3179
70.6964
44.6874
62.2497
61.8119
24.3583
49.4997
67.5039
27.9829
60.7227
8.53668
57.8224
50.4332
55.9853
46.2318
106.772
13.0983
117.154
72.0752
52.6403
70.7242
49.8884
118.944
142.491
48.0758
1.05841
50.4441
87.1846
30.6203
198.442
76.0926
79.0049
47.2394
77.2602
27.6867
37.2812
60.8632
78.9266
7.97898
17.0711
80.0931
85.1167
55.6507
99.2628
25.0665
31.4755
60.7753
61.0242
98.9368
42.9733
64.3531
42.7835
47.6489
88.8647
71.2846
77.4167
26.1434
45.7072
130.449
72.1538
1.89255
82.1174
64.8599
51.4495
77.9145
58.3979
87.0506
54.0727
58.1208
56.1183
55.4693
78.77
65.0498
58.0968
85.8071
86.576
19.8489
52.6935
36.2284
79.7149
19.4876
52.5211
27.727
38.6495
39.7348
18.7135
110.912
440.654
41.8355
6.97847
91.7212
60.7713
2.25515
36.5903
5.13799
10.7097
104.69
83.2262
57.635
82.4009
88.0678
137.145
56.965
67.7526
71.7695
55.0728
60.9668
72.0047
93.2069
129.594
101.029
47.1763
11.7878
40.7121
111.791
10.3446
72.0704
78.9639
88.1623
92.7397
94
154.296
145.865
89.1168
27.1296
56.9
71.2338
48.0813
7.86977
75.376
95.0467
20.2119
12.7186
40.1493
63.2567
70.349
93.3219
60.9573
63.1514
47.7004
75.0552
27.8037
97.8469
45.7177
20.4068
69.1174
27.2743
155.545
104.057
67.9114
77.7684
62.3516
91.0288
37.491
181.979
MET does not have solution even after MET smearing.
The solution is returned as if Delta was zero ...
75.1817
38.9194
32.7675
51.0943
90.1067
91.0992
112.306
117.361
42.9819
115.795
56.9597
71.8468
40.2859
49.8342
15.4261
33.8525
64.1673
96.5851
86.4142
31.8302
83.9552
20.1404
58.2284
23.3271
69.0684
89.4609
75.7531
68.1983
74.083
33.7541
54.6746
85.1022
17.1998
28.1639
111.208
113.747
80.7735
61.0299
178.232
MET does not have solution even after MET smearing.
The solution is returned as if Delta was zero ...
91.8622
29.5872
72.6499
194.399
MET does not have solution even after MET smearing.
The solution is returned as if Delta was zero ...
46.3555
76.1428
47.6013
59.7582
87.165
16.8036
145.391
72.8214
84.5274
83.6955
69.5765
54.8629
57.2111
13.3497
78.1353
71.9321
73.1333
68.2499
66.2722
0.982823
110.015
20.2406
82.5854
83.0381
34.2514
63.8891
46.1319
30.6254
30.0421
2.87258
31.6561
87.8999
86.6951
33.9303
79.0949
81.5729
28.7558
70.2162
38.754
81.2861
79.7627
31.4657
77.6111
76.041
38.1917
78.3305
57.2518
120.252
4.02729
66.3083
42.0201
14.2767
66.3897
115.268
87.5275
48.1389
78.7988
95.3145
106.507
61.2189
1.75943
31.3676
102.89
49.5758
48.6092
46.4946
142.458
34.0224
113.645
32.5802
24.6601
23.9037
27.9694
4.48416
11.3423
74.908
83.0106
59.2236
99.2745
71.192
89.2125
60.1656
82.9806
114.531
78.3052
93.2992
29.0847
69.4984
77.2549
72.5531
90.5044
13.0666
165.881
MET does not have solution even after MET smearing.
The solution is returned as if Delta was zero ...
76.5094
109.663
78.4032
30.844
92.4926
67.8451
161.041
MET does not have solution even after MET smearing.
The solution is returned as if Delta was zero ...
92.4949
66.5852
60.8917
94.6949
100.173
29.7521
8.31078
20.5673
34.8056
102.489
4.39225
74.8154
41.7557
62.5907
57.065
60.1057
53.2493
74.2619
9.77222
59.553
43.3092
30.4003
55.3913
149.733
86.6641
33.4246
25.9582
10.1388
35.973
57.3643
76.7547
77.375
73.4941
88.5524
208.134
MET does not have solution even after MET smearing.
The solution is returned as if Delta was zero ...
47.5336
35.2994
63.2596
115.975
63.7905
2.15358
84.7383
52.6561
57.9471
76.8238
140.794
34.2497
49.4459
54.6132
44.0231
89.615
103.313
83.1636
18.0085
7.60378
47.6524
174.805
72.6438
76.8035
94.0454
8.7368
50.1644
65.3625
90.1657
1.82693
71.1885
109.513
27.0128
139.669
MET does not have solution even after MET smearing.
The solution is returned as if Delta was zero ...
55.2607
55.5333
105.212
110.167
57.0013
84.9097
49.0038
10.1217
88.5456
115.806
18.893
47.1771
45.2428
32.6213
82.1687
109.415
148.777
MET does not have solution even after MET smearing.
The solution is returned as if Delta was zero ...
11.2464
7.43336
73.9432
44.5998
101.042
65.8088
45.2729
46.0366
82.0088
85.0585
3.2964
73.1363
23.7561
52.0378
54.6453
54.8725
87.9693
60.3062
36.4644
112.25
32.5546
65.9093
181.124
MET does not have solution even after MET smearing.
The solution is returned as if Delta was zero ...
153.418
MET does not have solution even after MET smearing.
The solution is returned as if Delta was zero ...
102.867
18.3631
92.9226
65.7237
23.3595
89.4287
98.9728
33.0596
47.6183
43.9107
111.651
76.8898
102.148
75.5936
23.9748
102.911
93.1996
91.4161
4.73203
81.3836
26.3477
0.123793
87.084
51.7528
81.6147
87.9245
97.7661
31.5552
55.5076
48.2376
108.133
68.5033
89.8607
90.7326
59.322
63.4522
88.8165
63.863
100.054
82.2309
79.4296
39.3861
53.582
153.214
MET does not have solution even after MET smearing.
The solution is returned as if Delta was zero ...
21.7763
19.7893
7.06481
80.4848
0.601592
45.5712
72.9193
86.427
79.4367
58.663
41.8291
12.2228
58.896
107.761
32.4103
54.686
26.3258
86.1832
64.442
73.8615
67.5351
27.2753
6.81562
142.173
MET does not have solution even after MET smearing.
The solution is returned as if Delta was zero ...
81.4543
21.1007
51.0028
256.734
MET does not have solution even after MET smearing.
The solution is returned as if Delta was zero ...
87.9528
39.4945
28.2603
68.9572
33.7581
47.0255
75.076
52.383
82.9187
56.8135
22.952
85.9978
121.107
86.5075
55.2676
89.3826
67.2458
55.5422
41.5738
74.0149
31.7438
83.4675
51.346
97.7985
69.6683
116.972
108.986
86.4175
140.187
57.4475
33.5245
39.9423
47.3358
30.3132
56.9288
26.4071
59.0404
29.4974
58.7798
72.7923
72.3779
100.737
38.8838
77.9055
79.5548
98.8418
49.0798
34.6941
71.271
14.374
46.7248
30.5554
86.6342
77.4567
93.6848
78.5655
77.5913
57.9599
127.791
MET does not have solution even after MET smearing.
The solution is returned as if Delta was zero ...
35.4479
48.0102
84.9191
82.1265
52.1189
39.1173
86.0411
22.1785
103.255
77.6278
82.4586
75.2484
66.4856
6.2907
22.5104
70.3647
110.012
136.363
88.1383
72.8912
57.5398
78.0242
141.011
MET does not have solution even after MET smearing.
The solution is returned as if Delta was zero ...
87.7091
49.907
59.1671
46.3357
44.0581
67.4656
106.405
8.31976
64.6336
24.6045
59.6412
28.2446
104.495
95.2714
34.7744
55.7548
18.0057
72.7536
75.0845
35.7811
81.8586
107.682
17.8661
51.0776
78.3235
61.278
70.4856
75.6144
107.575
41.7
71.1982
141.972
MET does not have solution even after MET smearing.
The solution is returned as if Delta was zero ...
69.0198
89.7533
65.2949
55.2224
68.2493
50.888
14.728
32.0517
46.6762
27.8221
94.5132
81.8367
72.5418
11.8284
75.8995
14.1755
83.3212
91.2288
62.9558
8.24642
8.31683
128.093
0.996757
103.565
64.8223
16.3239
93.7509
110.598
41.7108
87.2743
7.41015
120.026
16.1767
24.4707
22.6806
63.1486
32.0951
109.533
55.923
7.86716
45.6351
64.2343
76.5444
22.1823
136.046
MET does not have solution even after MET smearing.
The solution is returned as if Delta was zero ...
78.5434
84.662
88.1435
57.7843
54.668
27.5256
4.53479
47.3635
17.7669
81.9941
54.9771
83.3317
87.092
85.2597
68.9281
18.0472
76.29
83.2887
84.8855
19.9988
116.122
67.7979
36.8565
84.2243
82.5295
94.12
64.4607
10.3916
6.42522
18.7234
32.994
46.2686
62.2566
58.8194
133.022
52.3647
92.6698
56.728
46.6229
71.5556
82.1888
93.3997
85.8338
70.2473
56.4679
68.7698
85.1513
85.294
46.8676
52.5585
169.269
91.7721
69.0912
86.8149
23.03
56.0417
52.9789
66.9056
30.258
73.9734
66.0487
75.0247
35.6407
63.6843
14.0936
13.711
67.984
50.7955
59.1623
46.3691
62.4051
65.0139
60.8323
97.4046
103.695
22.0742
131.798
8.67322
8.28103
97.1187
137.505
MET does not have solution even after MET smearing.
The solution is returned as if Delta was zero ...
0.337867
130.772
46.7909
59.1204
54.1062
58.8898
82.4307
75.7767
96.5082
11.1252
66.3352
207.649
108.191
89.102
57.0862
52.1458
64.4134
32.6674
67.3531
81.4051
110.174
80.5648
49.5292
116.719
148.395
MET does not have solution even after MET smearing.
The solution is returned as if Delta was zero ...
12.2057
68.8519
39.728
89.8427
86.0798
42.1871
53.2157
19.5092
95.7827
47.5852
73.1023
92.1611
80.2077
22.381
37.5358
63.034
12.8275
50.0932
45.1265
66.0814
67.6526
16.4954
14.4349
23.4016
50.4331
27.1407
67.2335
60.2053
64.7783
129.014
75.3862
32.0762
133.041
MET does not have solution even after MET smearing.
The solution is returned as if Delta was zero ...
48.3626
83.8731
33.4963
62.0363
72.2697
93.0503
88.5428
39.7856
1.6291
48.5752
127.526
MET does not have solution even after MET smearing.
The solution is returned as if Delta was zero ...
93.8752
27.375
79.34
18.5642
62.0329
85.3386
101.563
78.6517
100.63
82.029
61.9449
71.7219
65.6757
73.3908
57.2031
55.0788
198.562
MET does not have solution even after MET smearing.
The solution is returned as if Delta was zero ...
67.1365
77.8277
78.6466
83.4869
76.2989
72.0459
73.4958
73.3755
52.9756
7.11416
47.5386
51.6636
19.6897
72.1695
80.2256
68.8694
90.0941
79.6906
57.9173
95.7843
23.2123
44.9563
72.2616
61.3057
45.3736
13.3501
79.4316
35.99
46.8255
48.5433
50.9193
64.9926
22.4809
65.2004
24.6971
93.4506
64.1178
79.6633
78.0328
105.917
86.6637
46.5103
21.6424
83.4526
68.5351
64.7493
33.7447
64.2197
50.5841
93.1059
57.3351
81.8055
18.3397
89.6451
52.6812
79.2003
52.0381
110.045
9.46875
82.4332
64.4196
23.4603
16.9688
63.9108
100.798
87.1583
3.77489
74.2386
70.2352
4.1528
24.2985
67.1406
83.1547
31.5035
100.788
75.0151
88.206
73.7392
3.32395
91.3941
66.4097
14.7236
74.771
67.3662
53.8579
117.618
41.5624
14.8458
66.1165
43.358
83.6782
84.4856
72.5495
67.7988
70.2406
110.323
92.7355
88.447
82.7911
76.3668
66.8822
60.1355
62.8604
42.5804
65.5826
20.0194
74.4179
15.6195
139.975
59.5276
64.2439
118.433
8.81044
80.2613
70.357
60.657
83.2716
74.7911
202.263
MET does not have solution even after MET smearing.
The solution is returned as if Delta was zero ...
67.5678
55.6254
74.8447
51.3506
108.725
19.6805
50.3085
5.02041
90.155
51.1853
16.4225
30.7952
99.8694
65.0895
66.0851
62.8978
50.0931
5.94774
32.5176
66.3177
61.057
104.22
76.8556
91.7833
0.17185
92.367
79.2128
49.5079
57.0996
74.1483
57.1214
69.4376
77.8889
14.8335
79.937
75.2283
44.9616
18.1213
64.1883
16.4879
19.0841
84.2863
62.37
155.483
30.8237
67.6773
6.06632
83.8084
54.205
22.5336
5.12585
24.5785
83.2096
58.4652
63.2684
21.4954
25.3844
31.6689
35.1892
17.6916
83.4128
64.9021
46.7097
89.8401
117.834
62.7484
49.832
102.676
81.9629
73.1845
88.1988
30.1808
1.15961
83.4763
77.7843
42.9026
46.313
22.3331
58.7655
100.391
132.115
15.4518
53.7477
70.5258
114.17
48.0412
78.1326
94.535
37.8809
147.797
31.1139
47.4912
44.1413
14.3366
73.4237
58.814
75.3338
33.3379
57.1799
43.4814
63.8606
51.3166
102.985
70.0767
50.4682
7.54531
57.6882
105.581
34.4692
66.4227
92.511
69.285
44.6168
94.2367
2.61249
30.3379
48.6524
97.4978
22.9621
72.8282
53.3798
before closing file input /home/nadjieh/work/samples/postMoriond/May2013/WW.root
before endjob
