**************************
SYSTEMATIC SITUATION: 
**************************
JESDOWN SYST
**************************
file number 1: ~/work/samples/postMoriond/May2013/ZJets.root
I am in tree = 0
inDirect
treeName: ZJets_2J_1T_JESDown
ZJets_2J_1T_JESDown	0x198fa50
0x198fa50 tree afterward
ZJets_2J_1T_JESDown
1659
30.3065
23.9525
9.47592
14.0348
62.2285
23.22
49.1617
8.1441
69.3337
3.46521
22.8699
27.2617
27.0656
66.6729
65.2409
50.0076
42.4666
21.6258
41.4075
5.1104
45.2192
72.665
12.2104
44.542
29.6182
73.4236
82.3822
18.3236
49.7368
33.7459
66.9339
7.51726
61.8696
92.1567
23.3653
6.24793
32.5634
11.3365
32.0832
82.1595
0.0533608
63.0507
46.3972
14.5809
49.0385
15.3084
45.8578
138.042
3.94078
47.3897
20.5335
18.6752
49.9483
58.7753
56.0442
32.6065
17.5004
13.8857
41.8078
12.6429
33.6255
7.3394
35.1397
29.1189
1.89378
16.7154
12.6648
30.2526
22.9221
105.68
32.0777
40.3632
50.9726
68.8207
90.265
97.8476
15.074
47.9091
5.79282
43.4348
2.38728
81.8001
23.209
61.4181
124.057
34.3911
12.8018
14.7271
43.7646
56.9421
30.3282
17.0662
21.1113
65.1845
85.2017
147.579
8.1079
12.977
97.0841
36.689
107.483
1.14893
28.5665
52.096
13.2472
22.7467
33.1584
8.16571
30.8296
52.1232
66.3805
121.126
16.608
86.2137
16.9262
94.5426
74.7271
78.1918
37.2925
3.59855
33.8192
71.2784
31.3865
45.3619
0.449753
33.494
69.4977
1.58048
19.5002
24.8755
8.82992
30.8202
65.0513
52.3889
8.96917
70.8902
18.669
48.119
76.6357
24.8491
6.2064
32.7557
29.1384
85.9009
4.8798
26.2714
21.0212
12.4138
70.7303
71.3693
29.1324
21.1902
26.476
59.7271
9.7068
0.907403
34.6058
72.7588
11.0098
9.46243
123.338
11.3937
31.8383
44.9698
66.5406
76.104
47.1486
28.2063
23.4633
26.3895
69.2839
40.3571
24.7514
40.9312
8.38439
112.657
19.8189
29.1064
41.2108
13.7436
33.3906
52.0246
23.3061
105.573
88.5879
12.2734
11.6829
21.654
70.3995
56.3096
44.8909
100.074
60.314
3.18663
59.4739
35.9428
14.9337
69.1399
65.24
33.7699
49.5858
52.9862
50.1298
83.2067
51.4763
18.2705
33.8572
20.3071
24.7137
5.2257
120.939
1.04737
96.8375
91.2106
18.6197
53.6827
62.523
56.8347
11.3718
21.0129
27.1701
8.95894
83.561
88.8602
59.5535
2.84647
6.77666
5.58551
15.3611
47.304
64.0622
45.8395
84.629
36.6357
47.3307
88.5448
11.4569
60.5134
29.4312
28.8809
15.9398
6.07215
46.2102
53.1945
15.1682
69.14
4.32688
38.7779
21.953
43.8241
4.18217
37.5033
45.8119
61.3931
120.998
17.6409
80.675
10.3085
35.1916
96.4289
58.0315
29.9029
11.1337
50.5748
72.7662
60.5237
75.6697
41.5436
9.97739
38.9621
70.0967
73.0724
30.7666
28.9951
16.849
43.6778
76.3162
93.3652
32.4475
50.4239
87.3671
5.25294
49.7553
60.0158
51.0034
82.6421
29.8936
23.8925
18.0179
45.4698
28.6122
1.54642
37.7496
45.7759
29.9026
67.9894
18.4837
39.8535
61.0502
27.2482
60.2579
35.7812
57.1661
24.5047
13.5193
8.36588
59.9985
5.48748
36.3395
39.3793
94.9733
86.9518
31.9209
37.7436
90.0567
7.49528
53.4007
137.162
97.6539
54.9783
13.6564
22.1535
64.7457
5.76357
4.65751
31.4628
51.2207
123.424
110.295
26.947
9.40626
42.3797
72.7633
56.5432
23.9852
72.5176
17.5186
8.91283
65.4497
49.2951
27.3667
9.34294
77.6887
130.781
79.1707
31.16
92.6265
5.73213
68.3034
39.4739
119.6
22.3233
45.7775
43.4953
42.8786
64.9164
57.5024
100.67
68.0735
112.377
43.879
38.5171
108.468
85.5883
60.0337
69.3973
62.3724
70.7234
19.0686
35.5658
59.1371
6.2569
69.3285
116.491
37.1068
101.563
44.4263
32.8734
94.1748
1.55915
77.0062
14.8795
75.1243
65.5881
2.32565
61.5316
78.3219
10.884
30.3065
23.9525
9.47592
14.0348
62.2285
23.22
49.1617
8.1441
69.3337
3.46521
22.8699
27.2617
27.0656
66.6729
65.2409
50.0076
42.4666
21.6258
41.4075
5.1104
45.2192
72.665
12.2104
44.542
29.6182
73.4236
82.3822
18.3236
49.7368
33.7459
66.9339
7.51726
61.8696
92.1567
23.3653
6.24793
32.5634
11.3365
32.0832
82.1595
0.0533608
63.0507
46.3972
14.5809
49.0385
15.3084
45.8578
138.042
3.94078
47.3897
20.5335
18.6752
49.9483
58.7753
56.0442
32.6065
17.5004
13.8857
41.8078
12.6429
33.6255
7.3394
35.1397
29.1189
1.89378
16.7154
12.6648
30.2526
22.9221
105.68
32.0777
40.3632
50.9726
68.8207
90.265
97.8476
15.074
47.9091
5.79282
43.4348
2.38728
81.8001
23.209
61.4181
124.057
34.3911
12.8018
14.7271
43.7646
56.9421
30.3282
17.0662
21.1113
65.1845
85.2017
147.579
MET does not have solution even after MET smearing.
The solution is returned as if Delta was zero ...
8.1079
12.977
97.0841
36.689
107.483
1.14893
28.5665
52.096
13.2472
22.7467
33.1584
8.16571
30.8296
52.1232
66.3805
121.126
16.608
86.2137
16.9262
94.5426
74.7271
78.1918
37.2925
3.59855
33.8192
71.2784
31.3865
45.3619
0.449753
33.494
69.4977
1.58048
19.5002
24.8755
8.82992
30.8202
65.0513
52.3889
8.96917
70.8902
18.669
48.119
76.6357
24.8491
6.2064
32.7557
29.1384
85.9009
4.8798
26.2714
21.0212
12.4138
70.7303
71.3693
29.1324
21.1902
26.476
59.7271
9.7068
0.907403
34.6058
72.7588
11.0098
9.46243
123.338
11.3937
31.8383
44.9698
66.5406
76.104
47.1486
28.2063
23.4633
26.3895
69.2839
40.3571
24.7514
40.9312
8.38439
112.657
19.8189
29.1064
41.2108
13.7436
33.3906
52.0246
23.3061
105.573
88.5879
12.2734
11.6829
21.654
70.3995
56.3096
44.8909
100.074
60.314
3.18663
59.4739
35.9428
14.9337
69.1399
65.24
33.7699
49.5858
90.8622
61.0404
22.5637
14.5687
83.485
45.4985
68.5147
49.3917
68.8358
19.5027
7.95438
2.23477
113.024
48.6265
65.9555
20.2377
71.3877
15.8338
30.138
44.587
42.1172
48.8507
51.4365
15.5498
197.445
MET does not have solution even after MET smearing.
The solution is returned as if Delta was zero ...
23.1127
46.2842
70.1313
31.8582
73.8181
103.098
96.6261
29.5567
56.1581
50.2534
33.738
58.5226
7.94801
104.308
56.2579
81.71
15.4671
12.2719
70.7004
22.579
123.989
25.9536
34.8594
71.4248
10.4744
90.7118
77.7962
29.9279
81.5453
76.2435
15.0969
86.913
99.7325
62.111
8.69821
16.1359
59.9717
11.446
99.2029
55.9942
164.603
MET does not have solution even after MET smearing.
The solution is returned as if Delta was zero ...
35.9981
85.8748
11.7828
17.2999
11.1646
56.2769
44.5167
58.1756
47.3639
54.0242
3.09726
43.368
100.115
4.74516
57.0632
100.795
13.0453
35.6797
41.0957
39.989
27.2165
26.6624
16.5861
83.5277
57.263
2.72668
60.6812
74.031
5.26169
10.7397
74.8685
40.2817
46.9262
12.5351
82.3849
74.9717
60.9435
6.59183
25.4319
50.8498
45.0632
71.8428
36.1344
27.6524
6.56248
27.2789
28.8582
22.6521
2.66485
3.22704
1.55788
85.2806
46.9492
0.312189
18.3261
98.801
13.8652
86.0278
24.2145
28.7585
11.2365
49.444
12.0439
19.378
66.8611
71.9932
107.744
5.9079
37.7482
26.3043
20.9674
75.9672
22.9689
47.3469
74.761
37.2113
19.1339
89.5876
78.8809
11.4847
37.2694
66.8703
14.5729
48.6669
44.0461
44.3
40.9563
21.1439
63.8744
118.489
42.9394
15.2409
116.811
107.93
31.6588
26.0769
1.81165
50.6186
0.345892
58.6723
60.7871
12.1117
24.102
124.743
39.105
69.6063
129.271
40.9068
11.9601
38.5889
24.505
10.5343
90.1069
2.08515
22.7808
40.0728
46.1093
47.0624
120.442
26.2502
0.922962
95.7092
4.10163
39.4968
5.18157
64.3973
2.56952
14.4322
27.6939
61.5905
71.1906
103.991
25.2005
67.3821
9.19195
19.6756
55.9168
64.8391
33.2149
32.3321
2.85508
19.1499
47.4797
2.89433
63.3386
128.637
17.1257
26.9361
47.9269
21.0992
35.2586
20.2195
43.4342
77.2081
108.006
15.524
21.6066
42.6531
111.951
53.7234
25.4146
49.9026
74.2137
52.6649
83.3878
3.37547
37.5223
51.2119
27.0658
14.4854
30.8087
102.789
69.6579
68.5812
42.0399
0.735846
15.0756
10.9592
8.06728
61.553
40.2312
48.6259
43.3399
69.9265
128.747
36.2699
41.2908
34.0272
21.0051
39.5449
116.138
18.6973
73.6711
45.4882
26.6115
57.4205
85.9527
106.175
41.9781
53.0879
47.442
131.66
66.8145
15.7116
105.034
11.1921
38.9059
42.0803
46.6277
43.5025
35.4758
86.7151
20.1595
10.8235
58.7046
80.9767
64.2334
6.5675
15.3612
54.1392
133.599
72.0113
13.4733
63.9542
31.3721
67.3821
70.8927
65.1923
60.6468
20.8144
39.085
62.8836
90.7741
91.7475
39.2205
7.69797
85.353
59.2887
82.9202
34.5168
14.6456
40.0344
0.0672738
8.33456
43.1426
59.4306
43.6044
101.94
21.4557
59.3403
7.77427
46.3899
10.3442
33.6817
7.61789
49.475
19.5092
51.2959
92.1785
42.7043
103.535
16.2964
27.2654
45.681
114.161
33.3677
7.54063
29.1524
3.1312
27.3497
20.6577
15.2061
58.363
25.1633
22.6176
45.441
56.6509
24.4101
20.9429
56.4489
71.1662
80.0726
89.144
82.7405
23.2364
53.9175
35.8537
60.8536
57.0192
3.17906
28.801
80.1216
120.393
64.546
35.1288
45.2025
58.4935
4.38749
54.4057
35.5538
72.0777
26.1878
30.4401
54.8138
56.7524
25.3313
70.8839
93.7061
24.4813
33.3039
55.6333
113.677
63.3529
127.413
44.4261
78.0342
70.928
29.1914
45.1817
37.1155
62.2699
47.9711
43.2827
26.0226
27.0751
147.968
111.087
58.3738
54.8137
50.1481
196.452
24.555
47.9809
64.2032
22.5787
92.1845
105.916
31.5592
10.7008
45.5977
22.505
32.8354
55.6036
68.7572
103.859
17.8491
21.7061
10.6176
22.989
27.9739
13.4239
65.7712
65.7243
30.2594
28.9528
2.38881
38.2402
27.0813
38.579
39.7148
33.4573
93.6216
0.662973
72.835
37.2198
21.2196
21.4358
46.5218
17.5246
59.7689
7.89823
63.2307
41.965
14.8688
49.6777
47.5094
84.2345
70.0948
72.4674
17.0139
27.1252
19.3388
82.169
82.1138
91.1775
41.0676
38.7148
8.78224
101.865
96.727
28.2248
110.637
77.4852
76.6377
115.519
12.6501
96.4113
8.90149
37.1197
29.0103
88.0085
76.1107
97.7852
84.551
21.5569
41.1481
71.3041
18.2707
77.1294
51.6861
59.1091
51.2484
91.0543
47.7282
24.8652
47.6708
61.3334
23.4116
44.6571
20.7766
47.3833
17.601
114.677
17.6175
5.5533
47.0412
143.653
10.6531
58.0239
69.044
41.5918
8.09461
53.2286
35.394
29.6246
69.4735
33.3782
56.5472
2.07909
18.4476
35.5899
28.5953
47.7618
77.6924
1.89797
63.1831
46.567
9.07202
50.4079
174.66
16.1346
77.3556
103.214
58.374
77.22
78.9313
27.9758
3.90643
59.1942
39.4199
23.079
30.1606
48.2711
24.4778
24.704
2.4827
9.16301
167.67
23.0209
103.52
36.0231
65.9047
62.6155
119.054
18.8891
61.6249
25.2356
69.9132
15.5417
60.6705
17.8723
22.5993
13.9448
36.0676
25.3928
57.1272
8.20585
32.884
59.7779
43.6485
55.3882
13.16
33.1942
34.0507
163.344
51.2675
72.8921
91.5829
29.4866
133.926
38.5635
44.2711
24.1501
38.1796
10.3584
48.0213
46.3487
105.924
27.3342
21.3876
44.2043
27.1738
66.3843
0.367674
123.285
14.1634
8.68498
7.69068
69.5519
76.0125
2.35068
7.07384
46.0331
19.8246
79.9313
14.0006
30.1438
15.1708
13.83
43.7797
16.1975
24.004
9.60529
56.3571
73.3185
30.1904
35.758
61.1389
22.7134
100.625
6.51629
41.9751
3.74982
110.253
45.6152
58.685
22.7979
7.52073
79.9889
67.4588
73.656
110.688
17.4113
44.6563
68.1826
78.0503
27.3644
130.733
45.3865
31.451
83.4465
72.9444
18.9783
52.7302
21.9989
111.967
95.0272
61.7743
51.7705
28.2358
0.190639
61.7759
34.4173
80.6691
64.8643
27.7068
3.15657
86.5951
21.576
103.41
27.5947
28.2746
27.7366
22.4386
19.9771
70.8026
55.6808
49.786
47.2483
30.5976
42.1263
4.53618
63.7862
21.3223
4.15921
42.4289
80.4509
46.7295
48.0066
25.4835
39.9006
24.1524
12.4029
33.9582
26.997
62.3135
56.7321
20.2452
38.8718
99.8093
43.0477
66.701
73.6284
55.8651
50.4651
42.312
19.0797
50.2278
42.4272
4.74898
107.412
32.7659
88.3581
51.3757
25.4496
92.4437
30.3661
43.4177
119.294
9.96484
51.4366
1.63475
73.6201
22.5765
117.924
47.0761
36.9235
7.08192
120.318
56.5917
151.731
117.786
45.8705
141.118
20.6384
60.5154
45.2823
93.1339
8.1824
57.1619
54.5117
72.7305
38.1815
8.3752
64.3924
2.71178
19.9955
31.2086
51.9683
10.8954
29.669
70.9466
1.26057
29.8421
55.3973
100.616
80.3275
50.3259
39.416
24.3383
77.9415
9.35412
13.1684
75.8106
90.0059
61.3274
52.091
40.4505
9.28987
17.9754
14.9395
52.619
31.8195
78.0043
44.6268
56.9586
14.2788
32.8539
14.2517
62.6097
63.9212
45.0976
46.3817
48.3347
16.6451
22.2355
63.398
23.3121
55.1115
23.9944
56.5641
44.389
211.112
11.267
58.0916
8.94691
49.1052
3.44489
1.13674
20.4591
47.1702
18.1929
128.878
31.2596
95.6647
5.74848
70.3175
10.1549
34.0851
9.56229
29.126
10.8889
90.2851
29.3048
83.9029
38.6045
53.4246
41.5985
90.644
126.637
25.3092
101.671
75.835
12.5891
102.05
92.0852
4.97387
18.8288
24.6796
18.6288
98.6286
82.1415
14.9315
8.02015
2.91234
88.9233
62.3199
70.3754
51.9903
61.482
49.885
9.98683
35.5685
6.71167
15.8443
122.065
20.7792
28.873
62.2095
12.5541
85.2899
81.4452
50.8488
5.55616
12.5534
44.0928
251.85
MET does not have solution even after MET smearing.
The solution is returned as if Delta was zero ...
17.4625
73.4159
73.1121
80.4289
75.2822
35.9897
3.00359
55.4754
64.7717
72.7678
72.5333
1.98861
22.4854
149.382
46.8177
31.5343
149.416
53.2772
35.5871
73.583
25.5456
41.3007
12.504
1.57706
10.9688
61.6239
18.9161
23.3362
70.9439
19.2598
28.0097
11.8544
3.73021
41.0379
89.1412
20.5579
45.1599
51.5371
74.7646
9.13824
94.2351
7.33025
37.9302
117.258
43.0673
84.5555
105.034
115.968
44.5876
8.96158
38.2887
135.574
84.0208
41.3378
36.339
0.572003
0.985924
36.1717
29.8373
63.18
11.4756
12.6061
34.3303
40.3238
36.5745
83.0769
6.88818
86.1801
44.7856
66.1357
0.188429
43.0512
23.8442
35.1441
46.5765
41.6342
0.918148
7.97723
38.9077
93.6188
54.115
34.3173
104.416
52.7388
48.333
81.5036
54.9913
40.6952
8.57342
34.5583
45.0423
37.9685
41.609
36.8391
44.1861
40.1998
10.0344
44.4213
19.0308
28.143
45.2407
94.5983
62.1074
93.1257
79.6296
8.29244
14.3003
67.9463
26.4972
14.4516
52.8658
34.9026
22.8487
74.1174
75.4575
51.8206
23.0164
0.997373
14.0177
9.93402
92.8982
58.8435
0.886077
5.86205
119.642
3.88457
86.3893
23.805
118.289
97.1737
26.0306
64.5897
100.367
80.0685
68.78
32.0976
29.3709
35.7397
43.3343
18.4047
37.1232
63.1485
25.7725
64.8357
11.4178
2.91613
76.4181
11.5724
20.9835
69.2425
87.9872
30.3317
80.1878
42.7625
21.3138
35.6169
59.4266
45.6708
56.5911
0.927868
46.0864
79.3364
63.8541
53.4783
42.7065
9.91618
63.0241
143.576
MET does not have solution even after MET smearing.
The solution is returned as if Delta was zero ...
129.497
MET does not have solution even after MET smearing.
The solution is returned as if Delta was zero ...
46.8143
20.5069
3.48756
30.9721
40.5377
59.1227
12.2085
50.465
46.3954
31.5134
28.0992
44.0479
65.4474
24.3671
22.7863
6.61544
43.7507
57.3692
26.9651
2.60105
62.6219
22.9454
77.7598
16.0521
28.4947
28.8532
70.9566
67.5471
51.9219
66.3222
72.4288
53.4265
53.979
128.806
31.2932
2.62399
38.6582
36.7656
21.1751
50.6265
66.3264
51.1469
10.9414
63.4149
8.9868
108.248
42.7297
39.354
82.4112
49.2392
77.8512
18.745
84.7893
43.8825
46.2675
114.012
35.1163
82.5963
14.7377
93.8136
42.617
36.048
23.9858
26.0398
63.0176
71.3648
47.3417
4.87052
before closing file input /home/nadjieh/work/samples/postMoriond/May2013/ZJets.root
before endjob
