**************************
SYSTEMATIC SITUATION: 
**************************
JESDOWN SYST
**************************
file number 1: ~/work/samples/postMoriond/May2013/WZ.root
I am in tree = 0
inDirect
treeName: WZ_2J_1T_JESDown
WZ_2J_1T_JESDown	0x25d3440
0x25d3440 tree afterward
WZ_2J_1T_JESDown
6083
1.84306
99.3639
86.6252
88.8349
26.3737
67.3937
28.8418
40.1878
57.0284
96.4742
65.8739
56.6331
86.1244
125.694
54.5687
14.6755
79.4202
74.3022
119.748
95.4568
75.3195
118.666
40.1803
77.7847
148.847
MET does not have solution even after MET smearing.
The solution is returned as if Delta was zero ...
102.386
30.3178
29.6991
31.2544
27.2781
54.1126
124.618
72.7627
84.6445
55.2985
78.4718
14.2852
45.8312
96.9911
73.0779
12.1689
70.4441
103.34
63.9209
50.5274
40.0911
72.1365
21.6305
66.7022
74.9403
85.3226
26.3305
68.8902
49.6503
123.492
81.2961
79.0092
37.794
24.7904
53.8125
86.8714
62.036
53.0968
106.156
61.6007
81.1993
49.2313
117.127
55.2941
64.11
12.6279
71.2193
75.6033
98.1184
3.98882
19.8613
102.848
66.472
62.4409
73.5923
46.6858
60.513
37.9091
103.107
52.3187
103.249
112.4
40.1973
49.494
25.5785
57.1211
98.0381
46.3783
85.1343
59.0441
96.7956
143.614
MET does not have solution even after MET smearing.
The solution is returned as if Delta was zero ...
158.633
42.9141
60.6655
54.1105
105.621
20.7243
20.1478
76.1218
107.001
28.131
9.47364
6.08119
73.2769
73.2712
97.6408
82.5425
86.4967
29.7612
59.6095
44.6267
39.0418
96.2711
82.6435
14.1114
31.4598
71.5054
12.0066
11.2195
76.0789
67.1449
58.1109
11.4872
36.7772
45.3239
66.6158
57.9194
63.3435
62.0371
81.4187
22.5088
76.5104
10.8386
75.4092
59.5657
31.3738
23.364
18.4916
36.4646
89.5838
1.34662
99.8897
95.4871
46.4844
116.096
89.0574
32.7823
97.2962
24.8248
1.6491
82.5283
69.2786
92.0734
43.8501
4.45475
89.9139
79.6506
47.7874
71.157
74.4853
98.8557
55.8919
54.9789
88.4501
84.8704
92.5242
81.5531
122.455
1.27348
33.7568
77.4751
76.0757
18.1902
85.1033
42.1007
87.1529
71.316
75.3022
13.8038
93.8924
11.7831
23.814
40.4456
66.1539
120.153
46.3147
47.7053
72.289
38.9283
54.6764
17.0517
13.4129
73.135
59.5254
82.1201
113.526
56.7049
68.563
1.94386
75.4377
59.7298
151.605
MET does not have solution even after MET smearing.
The solution is returned as if Delta was zero ...
58.3835
78.7159
82.4519
49.1202
74.1954
6.04684
73.9268
8.29715
50.466
29.3352
126.999
94.7823
66.4387
48.413
84.4837
15.5389
97.1266
135.786
90.238
16.3573
64.0372
10.1685
47.1274
82.4032
66.6996
73.6387
79.9221
68.0745
62.796
89.6176
56.5426
99.7271
74.8415
105.067
43.4345
39.6592
72.1006
86.9433
63.4327
46.9342
105.138
75.1501
82.0578
53.8658
4.99374
75.0228
84.9415
74.1179
24.047
108.392
54.1407
75.6592
66.8873
103.452
22.63
81.6368
21.1293
76.6986
32.2682
52.149
35.1708
21.7257
49.4214
50.9801
83.1236
65.8327
73.2163
85.0807
61.1188
73.2432
198.131
MET does not have solution even after MET smearing.
The solution is returned as if Delta was zero ...
7.40378
65.488
89.296
69.812
48.5009
49.3868
50.531
51.5449
63.192
92.6982
86.916
4.68373
67.6955
74.0449
76.4276
45.0272
76.5139
107.587
51.7729
45.038
83.8663
79.0205
4.09422
51.3667
135.466
22.1648
12.3272
27.98
78.035
20.3725
63.2538
81.353
96.7344
40.6141
70.9706
141.863
85.1589
66.8156
44.2488
66.4133
109.68
104.422
83.518
30.204
83.2179
67.8859
62.1856
66.1014
31.2957
13.2556
41.4633
69.7411
87.8007
84.5922
28.6237
62.4737
96.88
69.4588
23.1503
65.6598
3.10036
43.4571
68.8879
74.9357
196.641
MET does not have solution even after MET smearing.
The solution is returned as if Delta was zero ...
54.945
69.4546
64.7851
87.9548
69.1313
84.7812
58.4089
11.8115
2.72142
69.3969
50.6628
24.8923
90.9013
78.9602
36.5962
88.5793
94.9554
111.583
78.5326
138.153
56.8404
155.732
MET does not have solution even after MET smearing.
The solution is returned as if Delta was zero ...
4.58585
87.6253
106.137
70.9792
103.788
47.2942
68.4347
123.209
93.9536
61.4597
73.8953
23.8004
47.0752
69.7235
80.5101
80.7613
40.8808
65.8681
74.1341
75.4001
83.7086
74.1982
90.6739
66.8705
26.6647
94.4709
71.7829
33.4528
69.3935
34.439
103.475
84.8717
22.6261
1.00974
89.4284
55.4586
113.086
69.6689
9.19957
111.333
64.3054
58.6982
67.6604
51.5033
68.4347
82.3587
70.6583
30.5265
46.1447
83.9071
46.8641
9.29201
25.8322
52.8422
79.7053
71.6937
103.235
104.342
71.0388
15.996
87.4972
78.4068
18.4108
46.4726
27.571
97.6167
10.9597
88.0844
89.3429
73.2812
58.8229
99.9277
76.5382
44.8116
94.1157
69.7263
94.614
88.1274
63.1841
54.7134
54.9157
88.3553
84.9505
75.2751
85.8952
65.1985
32.0442
85.1667
89.2495
81.9946
10.3615
81.8214
47.6056
70.8332
50.2473
57.5366
5.77629
60.9728
22.7462
96.6564
88.6482
10.4004
85.3077
68.1093
87.9422
55.4635
2.04599
87.2509
103.084
122.044
27.9491
201.372
MET does not have solution even after MET smearing.
The solution is returned as if Delta was zero ...
68.2831
98.5262
93.4236
16.4246
89.5835
57.924
30.1461
87.5485
49.9474
72.327
66.024
103.41
37.4831
68.9289
84.0774
49.1543
75.7336
58.8484
99.9204
106.925
38.1777
63.7271
44.6842
75.4332
57.011
55.4696
82.4149
29.1817
54.2426
16.8357
38.6363
102.505
94.0506
13.8414
60.9396
48.9781
75.9536
0.00428084
85.829
48.1439
35.6654
100.322
102.034
32.8021
31.8934
79.7413
51.7438
71.9729
54.529
72.3495
77.0521
45.4493
13.5154
76.3838
65.6814
41.8726
83.1953
42.6806
66.0699
80.4748
45.7061
73.4858
47.8577
52.5762
59.6817
43.9369
122.676
51.1625
36.4167
29.2101
68.8335
32.479
61.1484
54.9487
64.7494
89.3655
27.3516
57.6551
57.7147
89.0684
76.6037
28.5911
60.0561
80.9044
62.1086
49.38
66.5065
113.034
116.265
42.5784
81.9761
48.3663
89.6547
43.4529
94.3645
88.8984
56.855
8.78669
83.2467
57.5851
69.8543
164.323
17.7285
12.2621
53.6794
42.2413
62.8942
7.81609
50.4626
31.1425
36.1675
43.5143
88.249
90.2788
33.2554
28.5166
20.8087
92.7519
6.14616
71.167
52.5976
19.6039
52.7462
72.3816
59.5416
17.6858
64.0053
37.0433
84.2301
39.2499
38.7056
74.599
122.068
88.9313
40.3676
102.505
63.635
1.87154
84.4257
85.4038
52.0898
90.6765
54.2008
68.9155
53.8091
73.1991
68.4368
43.7936
68.0631
22.1426
64.9584
71.3338
80.7377
10.5783
68.4299
115.609
31.9463
72.4753
55.5728
56.5061
1.35174
8.07745
22.3931
49.2466
102.05
74.4332
45.2296
64.8492
91.1811
70.238
52.5188
30.9655
122.429
18.0071
55.9009
90.4507
100.903
33.7602
94.3927
57.5575
64.2163
38.7698
85.6491
8.03037
51.7749
68.2894
29.737
67.149
65.2571
48.4631
19.1635
47.9833
21.4314
30.9556
52.2901
80.1547
47.2748
74.2173
64.1775
40.8428
23.2336
14.5697
53.7087
55.0565
84.6082
3.89532
79.0374
82.7869
115.772
53.9293
67.3631
50.9407
65.3441
58.1944
72.8958
54.2985
81.4018
58.8187
85.0299
45.9229
74.7781
87.7276
57.2536
99.5883
52.6389
66.2023
37.7462
75.7879
4.38899
87.9653
72.6417
67.0633
70.0582
44.9877
45.221
57.6587
84.4144
12.2713
61.9072
87.1431
52.31
116.789
59.3959
73.4556
90.0128
65.6538
10.2303
86.7811
78.8715
60.3624
24.964
20.1318
63.3602
132.032
50.0082
24.2913
106.022
76.8546
64.8299
87.4898
45.8641
88.8628
25.7492
12.9845
46.5124
59.2132
88.9843
86.1805
96.025
95.0543
30.2002
51.7568
93.0453
115.429
58.6196
63.9135
84.1971
84.9776
40.5383
79.8976
85.6639
77.5119
27.7283
56.3789
71.4587
74.1631
17.3975
89.118
8.86005
117.718
47.476
22.5641
57.9331
85.6951
31.7062
22.8367
43.8403
74.6423
35.876
71.73
110.781
70.333
38.045
64.325
17.1592
57.2392
16.8717
50.7017
81.0635
34.531
68.0861
67.5646
60.7024
48.5207
94.9797
83.6448
34.7338
23.9414
156.646
60.8123
11.5403
59.4942
59.7715
83.8058
27.1853
98.6002
82.1172
69.2551
39.4575
55.3663
71.8124
32.0696
39.9141
79.8338
89.2969
77.7309
58.2816
30.2594
69.7333
31.7175
9.97566
121.167
62.23
59.8072
69.9973
53.8174
61.124
82.5409
118.382
42.196
8.00906
63.4774
29.91
36.3718
33.5087
2.92116
84.776
93.3473
46.4384
47.2221
39.6151
32.6509
32.1009
81.555
81.5633
29.808
63.1615
70.2029
87.0381
41.4781
59.8611
28.6942
1.74276
29.0514
64.9535
42.9767
53.5693
84.5061
14.3218
81.7781
13.9454
69.1366
31.702
100.168
113.914
67.3051
99.0832
115.109
56.3485
49.7697
79.3362
93.1139
37.0598
116.943
66.7671
63.4678
45.2603
39.4793
80.1535
29.6247
64.7027
0.473512
60.5969
76.9814
100.128
45.9702
1.66239
40.7716
92.3729
12.3692
57.1137
55.761
83.3248
138.97
67.1316
109.238
99.5172
34.6533
10.5688
76.2992
60.3432
29.3166
88.6969
47.2187
50.592
10.122
39.1523
85.5667
2.00847
87.2904
79.6575
141.814
80.8314
37.6367
71.2455
89.638
10.562
76.1591
120.678
64.654
31.3789
89.0675
93.1859
59.5933
36.0543
81.4373
36.1217
84.4727
73.6111
20.0281
69.7715
53.0204
61.5205
53.1642
97.819
22.1044
58.8425
4.67756
33.0426
33.2422
31.5861
32.6479
34.3774
75.7025
77.8691
68.8825
41.3357
48.4877
52.0349
104.708
81.8211
43.4884
72.6985
25.2214
79.8965
73.7645
62.9083
4.70672
30.3553
43.1808
79.2964
81.8896
36.3107
14.2387
48.7334
73.9029
51.724
64.0784
53.927
78.4434
54.7403
59.2154
61.5288
15.5849
33.7646
89.3057
59.6672
88.718
37.4265
62.0563
171.861
47.9907
2.48524
83.3489
69.0068
41.7364
80.1768
82.3254
79.5405
13.6264
37.8447
48.793
62.2212
93.2456
56.0595
36.6465
20.3555
17.1703
76.7009
16.8519
50.2101
53.9485
72.2031
71.8216
88.4714
36.0585
54.991
77.6599
43.9314
74.1137
103.117
90.7197
18.5514
31.1887
69.4556
65.0007
17.5421
87.0846
46.7455
70.0561
94.5669
118.191
83.6978
47.2607
51.7064
76.4056
8.43584
95.1236
70.8783
88.791
105.964
73.9287
58.5872
74.6008
86.0494
101.909
41.0398
25.9614
70.9543
13.7696
124.39
70.709
88.5813
82.8278
63.2164
91.0473
32.2343
9.37878
84.8959
79.8124
37.5375
50.692
83.1283
76.6563
61.8031
51.2598
28.1574
47.0962
67.8342
24.6379
45.2102
22.6528
76.7865
56.6265
69.7871
92.4485
156.301
MET does not have solution even after MET smearing.
The solution is returned as if Delta was zero ...
84.9513
80.2751
65.3178
58.9839
54.8514
36.6773
51.7348
11.6043
34.9833
61.1999
41.7059
24.8742
33.5476
56.6561
20.9218
43.8257
73.0902
103.397
30.3548
62.1807
17.3383
85.3575
91.8461
17.3553
15.5367
12.9229
53.7868
30.7904
63.9948
88.2112
78.8407
14.9165
147.759
71.757
69.2896
80.8231
80.7051
69.8701
38.4829
56.4893
47.6914
21.6444
46.0565
71.7782
76.6072
75.3896
88.1208
27.2574
50.1786
22.2233
61.482
102.147
42.8167
8.47191
41.0857
85.1932
19.7086
36.5702
5.48707
38.1483
42.4172
14.5831
58.8986
93.733
15.2721
77.7391
59.6447
51.5622
23.0193
62.3254
17.4927
95.3305
34.3203
87.8575
45.166
58.877
74.5951
74.0767
77.8671
11.7205
87.5732
67.7868
51.3651
56.7823
18.3268
88.7296
94.0471
70.6262
12.7941
60.915
11.2501
73.366
47.5533
80.4301
46.9024
24.9205
3.79274
66.7805
26.4778
72.3645
82.1735
55.2563
78.2211
46.8238
63.0327
59.2
161.134
74.868
2.84002
90.7906
106.864
120.044
44.157
107.277
80.566
48.5263
80.9661
46.1684
103.541
77.1497
71.4402
71.3209
137.927
88.8087
10.2469
52.8723
79.9269
89.6789
34.8102
43.8305
81.5329
72.5895
40.9861
88.9005
6.62716
54.9996
77.754
69.3403
12.561
28.0954
39.3187
66.3975
50.9697
1.94441
42.0476
30.2186
7.64649
68.9546
82.9196
16.8549
75.7778
62.4957
69.7657
30.5195
16.7371
105.332
61.8646
92.1456
112.823
128.118
0.267684
83.586
4.94776
89.9172
75.8805
97.4884
57.581
82.71
13.7383
75.5412
44.7608
28.694
60.1957
91.4226
63.5392
38.5845
16.9783
46.7826
84.4322
61.926
75.6198
139.3
MET does not have solution even after MET smearing.
The solution is returned as if Delta was zero ...
45.0575
53.7032
22.2475
26.8711
58.4167
38.2183
34.7613
18.3554
104.328
34.0794
99.0347
37.5864
73.6158
86.5317
64.4336
40.0174
49.8661
59.4996
45.0455
40.9015
73.1896
45.3025
59.3787
96.1075
96.3601
50.7742
53.2019
2.82036
73.501
81.3257
65.2739
32.473
72.663
91.9121
14.7404
87.411
98.6287
73.6585
97.4802
78.7963
6.57109
50.0627
75.1614
99.9795
86.5612
59.2499
134.097
56.5617
56.1986
72.9522
105.233
82.9207
38.8223
15.6434
74.1498
28.7181
9.69116
99.7382
87.2741
53.0962
81.9063
9.95402
59.6419
18.1977
74.9467
50.512
26.9641
42.7804
29.5652
90.9741
87.5881
57.1943
88.827
76.4096
63.1966
71.3226
30.1172
22.2587
130.663
74.7757
64.4991
120.267
75.0079
43.6224
23.4495
13.1415
73.7616
74.3992
64.5263
81.44
7.70633
69.7176
118.205
50.2631
55.5531
50.8373
77.1916
82.4906
55.0454
36.8966
5.16218
13.5318
36.6443
30.7526
60.5462
5.28048
120.852
18.8135
14.5454
16.22
81.2412
131.794
MET does not have solution even after MET smearing.
The solution is returned as if Delta was zero ...
49.597
58.0113
43.9845
58.5266
71.1498
84.4837
87.448
29.4909
109.683
3.54412
90.1489
27.2701
30.4867
80.1812
21.2449
47.5156
76.9801
18.4505
56.6552
68.3331
64.9555
22.9057
19.9948
34.0534
73.2133
66.1415
70.2939
36.5566
42.1464
51.7986
73.3765
78.9511
94.1201
103.407
42.7727
78.9696
84.386
43.05
79.9135
37.9267
92.702
6.31527
83.2719
25.4612
83.5813
74.3968
76.6753
79.6086
40.5208
81.9673
91.2487
39.8003
49.1205
7.01234
24.0795
11.3006
70.6073
11.1308
116.261
70.7347
40.2558
67.1681
74.3532
44.9113
31.0373
85.561
43.2638
81.1563
47.8166
53.4007
38.6552
9.41653
23.0822
73.6485
33.6145
59.9982
89.3701
113.371
1.5262
4.06571
27.9915
79.7539
63.7789
34.7632
40.1035
98.3134
95.3625
40.3642
51.7366
103.031
96.0699
87.0492
74.3434
60.6576
65.6482
88.343
70.5392
31.0891
66.0126
46.0064
33.5976
4.3483
46.7414
6.5849
58.2627
82.599
11.127
55.1342
85.7043
42.4951
83.1948
81.5452
95.0407
13.4885
41.9632
23.9637
61.9924
42.4344
76.5878
101.787
162.895
MET does not have solution even after MET smearing.
The solution is returned as if Delta was zero ...
83.3374
13.183
54.5035
80.8815
37.8508
64.698
128.781
70.5657
61.5521
38.9514
28.3077
74.1129
88.3911
23.7104
3.10473
62.0252
140.147
68.5213
84.7912
65.0589
102.243
16.5343
49.5496
147.903
MET does not have solution even after MET smearing.
The solution is returned as if Delta was zero ...
74.8947
57.6555
91.8081
20.3914
33.7901
59.4316
68.661
63.7732
94.0601
72.1849
1.84346
29.0183
71.027
69.8973
30.448
75.6093
39.2963
44.773
62.5131
86.3774
78.1265
79.2969
71.5586
18.432
85.2055
21.5784
26.0983
46.7804
89.3002
110.237
68.1903
64.8474
72.4904
32.1526
115.387
55.1617
67.2117
93.0904
110.659
70.7726
71.0998
61.5054
75.7954
126.687
55.5385
121.255
81.9297
116.762
31.5123
83.5476
91.7005
89.0961
4.9387
83.5433
45.605
15.4532
85.9733
53.1888
69.0707
46.1406
82.6462
120.033
25.4497
44.0247
48.3881
61.5512
19.3878
75.3985
67.2211
57.7252
18.4098
28.293
69.0695
74.1253
36.211
11.5862
47.1699
78.6954
77.4036
72.3056
11.8209
87.128
83.0709
10.4817
21.6405
79.2433
121.675
31.9894
84.4311
60.3305
3.91165
111.589
68.0453
15.8511
49.0954
40.6528
70.5173
12.2263
30.9248
12.3864
64.9271
112.39
30.0024
76.4757
5.00947
23.9522
55.7929
31.7384
78.5842
68.5513
11.721
20.007
82.8378
1.4515
58.1272
39.6756
62.4283
78.49
13.6564
2.99739
48.9023
66.691
51.5661
80.6402
46.1847
27.9532
21.6983
47.9814
42.3808
46.0605
67.8323
59.0675
38.7403
69.8377
11.8429
97.8125
77.6817
89.4749
71.2097
77.5545
49.9081
75.1816
58.5249
3.39627
52.5924
12.4526
107.478
102.632
69.7572
12.9776
39.9562
14.9698
45.4082
48.2125
23.7963
33.2606
2.50617
74.1718
11.707
82.7411
13.0982
79.0788
13.7976
81.895
1.24958
0.223849
24.5492
95.2408
17.2945
70.3999
18.239
63.6379
82.9119
47.559
58.8045
18.5484
39.2011
63.7657
33.9465
117.916
100.873
78.792
131.991
97.045
89.9135
67.0637
14.0298
55.2178
56.3881
128.176
93.9462
68.8062
62.0779
105.182
13.1181
66.8922
70.9521
78.4147
81.5434
70.39
50.893
73.5056
30.6884
68.5903
91.1113
72.0764
98.2154
55.0228
106.335
58.9947
79.1072
72.7947
66.6762
47.777
54.2227
87.4373
20.714
43.1381
62.0503
72.249
95.724
70.7756
17.2188
23.0041
17.9699
99.4122
55.0657
28.1706
20.202
97.5042
47.9375
53.9831
70.5955
85.8603
8.57325
85.1032
20.2384
34.7238
24.0455
24.2258
60.2396
53.4346
72.4319
2.63593
29.4934
7.69917
86.0462
1.74521
70.4021
7.9783
73.4025
38.5203
73.6427
13.5176
33.6086
48.7425
17.4782
82.0256
13.8168
38.2311
126.069
58.1327
88.7278
69.1175
73.7513
69.7195
90.5807
73.7547
115.557
78.8356
70.0043
76.8692
126.959
16.2664
63.1425
21.5814
62.9277
87.6445
74.683
4.36657
58.6378
14.411
21.3204
23.92
71.3992
64.8179
47.8648
58.7366
25.8287
27.6187
83.5889
81.275
25.2737
92.1457
151.117
44.357
7.2426
91.9663
44.5602
15.0119
59.6003
42.9878
62.0496
87.0259
145.1
MET does not have solution even after MET smearing.
The solution is returned as if Delta was zero ...
56.68
36.3978
66.9084
8.7623
51.2142
76.0731
67.7033
42.5862
113.044
57.6162
47.2773
47.6354
133.042
71.9831
38.9893
25.2127
61.0221
55.9538
28.9481
4.8468
334.584
MET does not have solution even after mW smearing.
The solution is returned as if Delta was zero ...
MET does not have solution even after MET smearing.
The solution is returned as if Delta was zero ...
68.8486
3.54799
72.1118
75.4813
23.5949
49.8188
128.608
86.4656
77.3964
6.45683
88.5096
54.8187
45.6854
96.9965
76.8477
67.7736
22.1026
29.8846
19.388
67.6108
58.004
90.3945
87.6742
84.2503
15.4481
91.7937
72.55
65.341
18.2786
57.7332
97.3741
125.665
16.4806
62.232
62.8843
144.368
71.0011
62.6051
75.3382
82.2377
22.9787
122.63
87.0118
8.75566
75.6398
74.2339
86.646
55.129
77.6996
89.1962
71.6083
81.0178
36.6486
3.87025
37.0317
39.3663
74.8475
55.0625
39.7089
28.2976
66.4094
92.6593
69.0463
89.2768
59.4723
93.3117
108.577
16.0284
14.9307
13.8138
54.5844
66.024
104.304
66.6704
47.7951
81.2862
46.0382
72.568
6.34434
49.5615
40.331
41.811
104.217
59.8341
28.4855
73.8547
51.6632
26.357
70.9048
2.643
62.9099
74.7035
85.4838
96.0573
70.6944
11.695
57.6044
107.219
100.283
128.409
65.831
49.1191
87.8316
63.796
75.9796
77.3407
86.876
73.4078
122.037
57.5916
86.5825
81.6616
80.1173
66.3644
75.4635
74.608
77.1194
53.4458
95.3769
69.3184
82.9042
122.922
73.2021
40.2771
113.525
89.295
87.3438
91.1834
105.456
39.6621
71.2969
106.774
65.6922
53.3342
45.8747
70.4811
63.8325
43.1981
73.0909
11.465
54.8281
65.505
83.2335
74.1559
55.5577
45.1349
81.2645
15.5006
75.268
53.1457
64.9227
141.19
MET does not have solution even after MET smearing.
The solution is returned as if Delta was zero ...
23.3957
60.4741
92.4678
93.8631
63.7157
70.8892
8.9128
23.7927
53.5475
57.7607
52.7371
43.7139
24.7324
90.862
50.2874
12.5355
71.6062
84.5116
67.852
29.6425
98.3385
94.1616
54.527
11.2029
103.828
25.927
48.7634
65.2733
82.1028
61.6627
52.9453
19.7374
88.2825
87.0215
120.995
41.5448
15.0644
60.146
53.464
69.762
80.2317
27.699
52.578
19.525
61.307
84.1264
39.35
109.745
105.555
79.8627
61.6911
185.316
73.9963
44.5898
29.6474
97.6767
59.8545
81.4944
49.8289
38.6036
35.4895
97.0459
85.6078
78.6719
54.869
49.5817
55.7333
77.9493
86.0408
56.3338
11.9931
61.9584
118.478
35.7049
94.0145
71.0499
73.4661
11.1049
72.1554
86.7712
71.9458
17.319
120.23
79.3762
12.3095
134.316
47.9633
73.1598
86.9805
65.9206
38.7983
85.7257
14.6987
86.9853
30.4918
53.2639
8.51816
59.8349
128.711
11.5736
66.2444
28.4198
85.4836
72.1821
6.61853
76.5356
78.6133
97.5144
54.5236
80.9103
77.0091
5.2077
33.8084
78.7917
33.3676
68.79
78.3559
46.8627
33.4926
63.5166
50.4587
58.0626
117.999
83.8862
71.192
99.3049
4.95507
114.47
72.544
13.9678
60.7322
14.0977
5.46167
25.0316
78.3194
92.0645
30.2602
31.3393
60.2243
50.9367
77.1799
44.2679
47.318
35.3234
81.34
23.3002
17.3492
88.2677
72.9988
29.0119
72.4706
44.8379
78.0151
62.2883
106.011
92.2686
14.5553
77.5156
56.1315
103.163
97.9424
7.16787
69.9136
91.6807
105.794
73.8849
49.3043
78.7998
45.2095
47.7126
57.0491
50.2784
72.662
66.329
78.5612
28.5364
83.8364
47.9078
82.9145
87.8023
84.5499
64.5758
24.94
89.7468
73.3569
82.497
61.8421
70.7301
15.1389
67.5219
74.9238
34.8706
22.9663
103.392
7.0204
50.5168
26.7127
58.3081
57.3571
54.3478
65.366
6.94374
2.49939
35.2855
47.3861
49.5207
26.7925
53.1205
66.7163
67.3018
64.375
10.9534
100.157
20.2286
42.9793
99.0891
91.1086
22.3589
56.2491
7.71141
96.6211
95.6857
35.4471
9.27913
95.5187
63.1374
103.39
13.4651
63.8971
56.8145
97.4863
135.326
83.0108
60.6518
61.6305
43.6715
63.4806
73.9164
79.1425
39.2894
19.7518
61.2175
65.1599
35.1769
79.9945
62.8793
17.4622
2.17427
108.589
70.1118
45.5898
47.9677
41.6274
105.013
48.09
80.6983
60.3877
67.5285
39.997
30.7595
52.1598
27.9024
42.8438
15.0402
30.1574
72.4414
74.5202
76.816
58.9895
52.0654
71.4219
73.2215
12.7137
94.5129
57.7516
82.9534
76.5789
38.767
41.2262
77.6027
78.9279
52.1284
49.8735
16.8823
53.4907
91.277
75.6728
57.765
27.6349
61.3365
84.1191
64.7836
70.3952
77.4213
47.2737
49.9728
34.1429
58.825
82.6402
47.2775
46.7431
90.9884
19.2607
31.6248
121.962
74.35
78.2675
8.36581
68.6259
75.9514
4.89457
55.1553
128.586
56.4647
26.0786
58.8361
51.1936
71.8992
68.2751
42.2893
128.685
45.0304
62.4817
80.9607
63.6513
8.60225
20.5852
29.1359
112.489
111.188
73.1614
82.394
14.2711
17.4005
80.2261
111.65
61.7648
53.5079
19.5931
25.9914
13.1975
63.7484
23.8519
27.5131
51.6514
40.7369
96.2522
71.7689
19.0572
49.0393
100.198
53.215
73.7273
51.447
49.1549
70.8781
93.0454
88.8381
53.1536
48.7696
98.3978
81.3924
37.1744
39.5103
28.5507
40.454
48.6047
72.9172
15.2536
41.7865
68.7278
74.3273
3.41438
58.118
7.97318
63.7644
78.6725
58.1537
75.0935
87.1942
98.8841
19.6706
50.3949
5.40924
96.4901
129.258
MET does not have solution even after MET smearing.
The solution is returned as if Delta was zero ...
23.9287
39.2034
7.73113
85.0733
35.0248
95.2556
63.9094
64.5105
55.948
2.40552
77.9309
71.9704
71.2145
77.9085
67.0733
68.5216
74.4827
79.4422
77.7398
43.2649
86.4176
43.7679
72.5136
86.2376
49.9241
30.917
127.552
73.6893
68.529
58.2244
99.9777
34.9357
40.4095
89.0235
30.6433
45.1709
74.4376
7.16174
53.5155
20.978
77.3427
81.0133
53.5776
84.3726
60.9737
83.503
41.0528
100.351
46.6968
70.236
87.1114
69.0537
59.5207
42.4282
62.0629
43.8113
67.1597
29.9939
72.9686
44.3861
20.5814
51.7569
61.8978
75.1416
96.4153
100.721
87.2438
42.7327
19.9367
15.0854
23.3632
9.38353
82.9397
4.51115
102.291
70.6106
23.5859
28.1954
100.025
11.4281
10.7561
82.9091
35.6602
52.076
74.0663
78.3612
110.199
73.0601
45.7058
72.3802
43.0008
18.8054
81.447
42.4862
86.0599
93.6414
86.5676
89.7487
63.5416
55.4846
19.134
55.6677
67.0135
50.5388
69.7058
13.706
57.6144
100.398
44.3794
40.9094
85.879
87.1961
48.8102
70.7662
55.5807
49.3498
75.5743
62.6288
71.2359
59.443
56.4148
3.15971
74.0985
74.2945
43.3202
25.9459
45.156
123.769
59.4602
4.22769
24.8761
19.4022
108.376
8.97005
70.414
56.7364
46.7593
80.9625
85.6135
83.4965
27.9259
89.0145
38.1483
74.0497
39.5882
78.2648
83.8756
75.2581
149.644
18.8153
54.641
100.746
88.1459
108.254
21.8373
10.1934
7.70172
31.623
18.2453
57.0557
26.0591
99.2447
46.009
30.8851
0.322292
20.4101
67.6155
20.941
66.7115
14.4417
50.1769
21.6512
81.1794
19.5175
1.88319
76.1266
29.7418
46.257
108.505
98.8491
27.5498
48.8087
56.6553
80.8475
136.149
57.5891
120.143
76.8385
79.6885
117.993
30.6121
23.6295
38.354
71.0754
38.2846
72.226
0.8411
25.4701
72.4545
78.8437
91.9583
86.4675
105.004
4.19912
52.1475
38.8244
87.2914
54.5618
82.9573
90.3058
57.1514
48.4591
93.7569
80.9348
4.66282
52.5675
103.655
82.7594
93.7951
12.5364
11.7923
31.4922
52.8518
108.89
71.5269
52.0678
62.4094
71.0417
57.8356
6.40814
20.6766
49.8428
80.9434
6.2572
50.6052
61.1271
79.8444
6.62728
43.522
83.8046
112.012
17.1766
4.38223
142.308
101.704
59.3843
99.8274
69.3846
8.98587
77.4119
9.34032
124.941
62.5466
88.5338
5.44989
68.0676
39.2998
77.7796
25.2048
18.8178
45.7943
1.75174
135.043
MET does not have solution even after MET smearing.
The solution is returned as if Delta was zero ...
70.2931
99.2473
20.8264
73.5818
46.7485
27.4099
62.8904
18.7789
41.2912
80.3792
88.032
74.3628
39.593
47.9614
37.2453
11.9904
77.3245
63.5742
71.9064
7.80724
78.9739
78.3695
89.4349
52.8157
46.5276
57.3259
19.3083
84.0723
49.4157
31.3321
56.1411
73.7006
15.4861
76.8743
38.1104
74.6461
102.485
22.6343
46.9402
88.1709
81.2136
41.4363
66.6253
47.7368
89.0723
77.0147
84.5095
90.0715
121.071
86.8146
93.1726
53.481
32.3564
70.8709
47.7496
69.9384
59.3542
71.9629
130.273
28.0861
5.10773
92.2579
57.3058
25.4009
61.2141
54.5128
44.8994
65.5713
1.61827
47.0418
60.1518
36.3299
111.504
0.946049
99.0074
90.3908
74.0517
81.2032
24.715
55.6798
35.574
42.1638
78.5879
65.1994
11.2549
73.7845
69.9162
11.6532
71.5038
60.1935
49.1357
40.7269
45.834
69.7417
61.7604
55.1613
75.3446
40.0837
88.2901
62.6829
76.914
66.8123
55.3889
71.0138
74.9441
44.3801
96.626
10.7925
56.5672
49.4511
42.069
67.2347
0.78534
69.8123
45.0486
65.1218
36.5576
77.3646
81.9146
93.4063
45.406
152.87
MET does not have solution even after MET smearing.
The solution is returned as if Delta was zero ...
76.2198
24.1811
82.6046
77.8503
11.6469
64.0763
144.266
32.895
66.7122
73.5999
34.2226
80.6708
79.867
48.3411
46.3559
70.5919
54.0725
96.8421
41.1406
48.9523
105.27
54.5526
104.337
46.1932
35.8104
84.3827
30.8076
25.6175
66.885
110.683
43.6093
53.9243
57.7003
55.6387
39.7452
62.4423
27.1599
57.9193
34.9658
87.4291
77.7599
4.53012
56.0716
126.355
73.2523
82.3449
106.298
41.6311
86.7186
105.946
68.7456
80.492
90.2385
41.0817
121.565
62.3451
27.9584
44.8488
27.1164
78.1007
19.7359
24.6151
84.7781
90.541
19.195
51.6598
52.5709
3.62507
24.8005
29.1333
29.165
21.4654
18.4142
37.2026
57.0893
59.2831
69.5822
81.8191
39.1591
61.0529
94.5688
88.1208
51.8382
76.2759
60.805
89.5769
67.8491
76.0104
2.08303
15.865
93.7821
77.105
83.8943
83.5032
80.4057
96.4454
47.6069
89.0522
73.4052
20.259
77.28
62.4704
52.2097
37.9946
25.6834
84.4036
117.299
140.602
80.7399
96.8264
116.398
49.8353
11.4
64.5002
135.67
106.866
20.0182
31.1396
57.9809
79.7131
71.3985
69.8265
69.7521
72.3191
49.9063
75.6056
97.3751
58.6684
41.8192
90.8986
64.4617
95.9117
30.7221
33.0627
25.208
133.187
80.1611
63.0831
52.7722
19.8003
68.7133
86.2801
17.6274
55.8519
56.4551
21.3648
44.7145
61.1993
85.715
23.7785
55.9412
29.4634
86.4613
6.29436
85.1787
46.3173
71.3396
19.0785
63.9676
38.8954
148.98
94.7618
31.8452
41.2012
1.60867
6.06815
18.3199
116.165
65.2452
71.072
26.4106
29.1589
83.4042
100.917
10.7594
17.1794
70.7951
68.2334
52.4451
50.5091
73.7927
129.584
67.511
52.9357
2.19822
86.6311
15.9613
33.3621
77.0153
63.1057
86.4942
38.4053
94.6847
16.8405
48.8437
11.4867
79.8443
90.9578
86.2227
54.1751
20.437
111.11
39.6263
39.0605
107.612
73.4079
83.7549
77.5301
70.6102
93.0028
48.3871
76.5836
34.3677
72.94
16.7575
58.8983
60.7752
65.9885
71.0315
16.5198
82.3276
69.4753
76.1744
53.6859
51.3227
70.0255
57.7019
35.9826
127.669
3.69434
69.7322
59.7765
6.38229
85.8202
74.2816
84.2631
80.5378
46.5709
60.2995
42.4352
92.7246
76.049
103.349
85.3729
80.3669
69.8845
121.098
91.1983
52.452
52.3335
103.688
43.5639
88.1126
52.03
25.0908
82.8772
46.6813
65.3633
42.1244
27.2491
78.1379
32.477
78.9626
78.1012
87.8478
68.1672
62.2318
90.7744
46.5294
28.2826
53.0303
47.2782
82.8937
55.9834
13.8149
52.169
94.092
70.8765
83.4888
0.795487
63.0143
68.6458
68.4032
21.9628
69.9492
17.0484
4.56936
76.7987
77.3473
20.599
72.8653
52.7364
68.8583
27.4519
99.7663
17.7216
53.1528
79.8334
12.5636
12.0828
120.955
11.6658
40.9474
59.519
71.4326
31.8492
70.3083
78.5184
16.3187
65.1381
86.093
57.5998
79.703
10.1429
12.6397
13.5305
65.1435
72.1527
102.597
52.5197
63.4829
68.6197
3.98424
6.65166
103.248
74.6227
40.3703
75.6311
44.6106
52.6515
53.481
81.392
2.72369
53.354
53.8855
51.6679
55.6057
77.7502
166.313
78.5234
62.3442
40.3304
77.6813
71.2087
63.3007
99.922
52.2298
102.671
85.1713
70.2503
100.412
108.867
52.6911
101.059
66.5203
63.1359
78.4336
84.681
13.7799
73.0197
39.9164
10.7385
28.6823
77.8922
73.8591
22.5021
6.03936
62.5676
46.7907
92.2989
64.9833
71.1112
53.2184
59.1706
90.1564
83.6945
80.6681
34.2053
54.6493
49.5096
14.2234
123.38
MET does not have solution even after MET smearing.
The solution is returned as if Delta was zero ...
60.0906
27.3104
64.4501
86.2544
55.7638
124.649
101.978
54.9347
10.6106
82.3277
32.7663
44.9046
70.3709
56.2651
71.1531
21.8256
3.03683
83.1318
99.8255
59.3581
34.889
85.4022
46.9705
121.871
70.0669
55.1944
51.4496
61.774
66.4201
24.8473
95.7808
85.2889
13.8649
50.3337
61.2028
54.6491
54.7392
46.4417
94.5685
42.3582
25.8553
5.98202
82.113
47.2348
4.57683
116.08
39.9138
50.9825
41.6546
65.8634
32.6296
55.895
93.804
82.4277
127.064
95.6356
49.2121
71.8362
34.4997
36.0855
77.5245
14.425
57.3978
59.7768
87.5494
43.066
82.0822
81.0297
41.6043
101.929
77.3102
7.67139
79.2325
107.534
84.6166
64.1907
59.5274
60.7868
101.189
110.648
49.1948
68.9784
17.335
154.963
MET does not have solution even after MET smearing.
The solution is returned as if Delta was zero ...
76.775
65.7902
129.842
MET does not have solution even after MET smearing.
The solution is returned as if Delta was zero ...
22.7374
115.287
76.1088
106.416
59.4823
47.2627
89.7322
136.216
99.8086
66.8478
41.4598
11.2807
23.0356
40.6897
64.4409
94.2858
75.664
72.7043
86.3478
78.3714
84.0568
75.1749
88.8245
43.9805
104.867
52.8776
111.846
54.1926
108.248
7.2156
121.482
103.403
79.335
59.8794
89.5344
7.02574
58.0006
60.8361
75.6739
29.5311
28.547
102.132
91.5978
93.9924
19.7723
86.7005
67.6236
84.3813
85.0178
84.661
56.6235
34.2755
90.8402
35.175
55.9797
14.9208
20.6022
2.87593
3.08234
56.2353
59.9933
81.2822
18.9005
13.0909
55.4298
66.3531
31.9365
70.0038
106.211
20.9548
96.1013
34.931
81.5459
81.0231
48.739
70.3352
133.522
88.101
62.8396
62.8048
99.2033
24.4493
58.5887
64.7375
81.3025
6.53782
89.9957
88.5673
83.8242
41.9197
73.7603
64.294
25.7428
48.3482
27.666
47.6405
67.4018
71.9196
36.0532
17.0846
89.4559
146.94
113.053
73.4109
91.4968
57.9536
32.1066
69.4733
3.21518
7.33301
16.9689
85.5347
72.0544
7.77348
81.002
93.1621
64.4754
93.9872
74.3708
47.5305
53.6105
59.6449
12.0484
76.761
85.8216
46.293
66.1523
28.577
66.7516
43.3245
42.8749
85.8643
106.514
75.1816
54.6996
63.1278
21.2896
96.4463
112.809
51.2124
100.237
59.6875
98.6617
11.5332
84.9637
93.3004
70.6776
50.9577
9.59441
118.377
45.4335
124.362
16.9561
91.3317
50.7988
90.3251
63.4703
73.7944
18.2187
60.2736
96.2589
60.2202
87.3929
67.2951
88.0334
32.9092
42.4272
53.2505
64.6642
78.2005
22.7451
36.1142
56.5201
98.843
70.8392
70.6676
49.6379
23.6299
65.4969
87.6325
124.938
72.4826
78.6142
129.39
61.4843
46.6893
66.5373
61.7526
103.992
92.3481
7.73286
2.52458
85.4196
63.5052
96.924
13.6893
2.1238
54.7402
83.0828
95.8093
10.1112
67.8471
60.4128
63.4009
127.029
87.7997
0.691569
15.3676
73.1761
85.4743
20.6808
5.57323
121.839
84.3619
35.5855
46.8288
66.3018
64.8965
71.869
49.2199
64.6865
57.6238
81.1289
63.5352
81.3469
24.4771
67.6233
63.4571
102.592
69.2023
26.1006
84.1012
83.6118
98.0346
76.833
87.1844
15.6166
75.6918
24.9594
83.9863
84.645
74.6737
160.359
MET does not have solution even after MET smearing.
The solution is returned as if Delta was zero ...
18.0657
73.6212
51.9962
71.6563
64.387
59.202
69.8955
21.0905
69.5313
100.825
31.1904
11.4696
88.0476
69.7418
88.6872
74.9208
83.3941
45.4363
81.3359
68.1982
80.9258
6.87772
81.114
60.0738
19.0341
44.4194
49.9964
81.6631
69.7869
76.6815
82.5621
43.9162
34.342
60.6074
60.807
76.4358
55.529
131.955
96.4236
51.7091
26.3269
20.9346
44.2857
30.2312
83.1569
159.392
MET does not have solution even after MET smearing.
The solution is returned as if Delta was zero ...
70.749
129.897
111.123
94.3647
53.0628
51.7748
31.6678
74.2421
22.8458
29.0466
119.227
48.8595
14.1481
51.9174
89.1075
89.0136
14.6608
26.7017
107.171
70.6203
51.2163
166.961
MET does not have solution even after MET smearing.
The solution is returned as if Delta was zero ...
56.5447
23.6429
24.7647
118.279
84.2759
87.8553
62.3341
78.2505
50.9199
90.3806
15.31
47.0892
101.307
58.8797
47.7023
103.608
55.2169
65.169
103.665
25.0997
66.1262
72.6609
72.7026
126.886
46.7691
88.7344
10.831
77.2012
3.18177
22.3577
68.785
1.93889
101.116
89.5352
75.513
15.3022
64.6654
26.6783
23.9496
86.598
56.6598
66.1322
20.856
48.2286
184.331
MET does not have solution even after MET smearing.
The solution is returned as if Delta was zero ...
80.3439
87.0321
34.6271
32.2507
46.9276
63.0749
2.35383
36.3826
61.0422
55.8522
97.8859
72.9255
80.0166
79.4685
168.724
MET does not have solution even after MET smearing.
The solution is returned as if Delta was zero ...
74.023
55.2198
54.4794
72.8768
40.7796
71.1616
64.7452
16.5859
79.5864
53.6414
83.9181
185.352
64.1802
74.9813
84.9671
62.3449
147.543
MET does not have solution even after MET smearing.
The solution is returned as if Delta was zero ...
213.167
MET does not have solution even after MET smearing.
The solution is returned as if Delta was zero ...
86.8894
80.5489
66.0947
61.3068
71.5783
77.2378
84.1737
77.7503
85.3451
13.5869
62.1593
81.9517
30.2718
47.6226
34.2347
55.7649
10.6488
38.8881
38.5372
41.7192
57.1671
40.9155
34.1839
60.3939
5.67004
137.879
79.3157
118.683
60.9155
13.0686
111.004
92.1349
43.4464
35.8637
82.473
81.6312
62.4626
113.267
22.1756
221.441
MET does not have solution even after MET smearing.
The solution is returned as if Delta was zero ...
73.9304
72.0658
49.8993
69.0987
85.5647
45.4971
57.3799
107.976
27.6075
75.7216
14.1963
73.1375
75.464
83.8339
67.1095
67.8364
26.2325
39.0427
65.0024
68.1268
48.5223
97.7803
35.6768
72.6547
3.75523
97.2357
54.6008
96.6196
23.4895
73.9346
62.3163
80.3699
71.0227
38.894
75.8616
10.648
38.4848
73.6011
117.91
8.49195
85.7938
45.5009
55.705
126.995
28.7728
83.5875
23.8657
57.1222
73.3811
73.2929
29.8867
55.7525
79.8429
47.4816
77.616
35.5978
32.4497
59.8721
80.1605
69.8922
36.2432
76.4993
98.706
96.8595
115.105
11.3359
25.5425
112.578
62.762
76.6878
79.3215
0.624651
78.1271
75.3822
59.4755
52.1328
71.1779
76.3882
75.0126
27.9246
56.3111
95.0355
52.8665
55.0826
4.79406
82.0042
78.9154
101.152
46.5739
48.921
34.3381
79.0485
71.7221
61.4865
143.718
13.9629
14.5862
10.9154
64.7104
33.5085
26.1362
80.1553
21.8331
23.8949
134.678
33.9101
113.077
22.8079
84.1139
61.3301
67.7413
186.617
118.117
63.6167
45.9877
0.757821
40.8945
52.7494
49.2816
11.3461
10.7592
49.6499
45.2139
60.543
82.2692
108.44
92.0889
70.2237
41.0143
74.1381
61.7461
53.9182
67.4987
66.6158
73.4394
50.9437
119.006
77.067
61.0452
47.5947
74.4609
56.5144
19.2671
54.989
76.8468
71.0702
35.6009
65.5854
57.7405
13.8711
106.957
48.582
35.5049
45.2031
11.5619
28.8202
40.6745
78.5356
66.8218
58.0131
69.551
71.4917
22.023
73.122
23.4189
52.9198
68.9735
73.1851
57.6113
76.3231
89.5321
72.0843
83.8368
96.8997
23.7368
86.5946
90.2399
28.1735
138.38
77.6467
72.8874
57.5985
76.7308
54.5146
63.9163
78.5422
25.0939
24.4405
74.9459
50.6073
80.6069
55.9173
89.9264
54.5171
47.9119
4.21559
106.293
42.9207
83.9601
40.2392
66.8418
82.9208
96.0686
72.7275
50.8155
74.2517
77.5789
79.0487
88.684
46.1225
74.8357
77.5136
3.97838
32.8462
52.0903
21.7337
60.9985
70.3801
53.5539
30.6494
92.3371
74.3662
98.2627
77.0526
2.55796
15.7764
74.8339
26.6617
81.3984
69.274
70.97
102.709
69.277
4.30823
41.4602
111.36
30.4079
90.8547
87.7034
23.147
78.2383
43.4681
42.8694
87.9382
24.8851
77.2193
80.3757
46.7381
24.2666
70.1898
58.3268
92.4289
59.7171
14.673
3.34722
170.397
MET does not have solution even after MET smearing.
The solution is returned as if Delta was zero ...
22.9739
64.1642
68.3547
77.8883
16.9703
11.1998
70.7996
64.153
59.9076
64.8734
74.9801
14.5005
13.1192
90.9649
14.7755
83.8356
2.47359
1.98996
56.8555
1.16485
65.6671
65.7394
74.2726
14.6118
93.3467
97.6943
116.04
64.1563
7.78231
16.6031
82.1906
39.6873
82.7913
18.0527
100.483
49.1518
84.808
79.4078
123.719
76.5331
94.3598
79.1678
3.66024
86.9318
65.3464
76.5769
46.4084
57.925
27.606
54.1324
50.0185
69.5191
89.3248
62.7036
50.6865
100.648
16.0193
75.0042
62.0821
25.9115
93.1719
107.961
93.9216
78.3833
80.1734
56.9983
78.4691
73.6877
73.3936
29.5391
32.0651
59.4081
55.7481
79.5869
25.6405
61.336
94.0157
50.1882
82.4901
72.5782
51.2294
34.4023
14.976
5.45272
72.547
74.1041
3.79069
92.796
52.6717
73.2505
46.4426
6.1299
27.4619
51.3793
88.7363
99.9126
0.602039
59.2519
46.9102
110.083
53.4008
53.5122
67.3338
42.2986
6.63826
100.551
47.184
20.7955
36.8719
75.2984
106.214
67.4894
21.2359
72.8319
73.2352
32.6245
34.0224
65.1996
72.1066
86.6877
63.2022
52.088
33.9734
69.057
80.1726
19.3796
75.0755
24.3644
83.3428
97.6354
105.137
85.5041
1.49759
78.4033
97.9491
7.14258
51.3269
70.3744
62.2432
22.0297
58.1543
6.05325
146.698
90.1503
55.9503
19.9774
52.2301
63.5185
48.4905
26.1863
75.3121
127.288
61.1985
60.4401
77.7432
74.0251
83.7469
76.2535
72.8923
50.6628
84.3417
80.8245
64.6747
80.5728
29.1295
83.6825
74.5154
96.8138
95.0794
71.3921
45.3056
41.0924
32.3018
99.3976
87.0387
1.225
79.7708
53.8948
56.9122
59.8617
99.0268
1.7933
96.4229
11.3648
67.116
27.2279
60.575
15.8342
97.596
97.314
37.2031
71.0307
82.5751
27.7951
65.5065
43.4407
77.5727
52.2948
70.2504
61.5782
45.6553
79.7976
105.004
92.5022
82.814
50.0302
50.8975
4.41939
82.0531
0.30777
23.8156
34.835
110.045
44.9881
67.6779
43.8593
84.5148
120.444
61.1548
54.5774
43.7181
13.5544
53.2662
16.2006
8.66095
81.4971
89.3901
39.0769
72.9809
109.456
87.5666
104.118
63.6659
96.0859
67.4298
25.3684
1.1075
51.8485
100.009
44.2093
42.3749
52.1048
54.3878
29.8689
101.299
67.3695
65.0312
0.382379
60.5589
88.4843
29.9932
91.7032
24.5511
81.1939
8.63664
62.1762
79.9739
75.582
11.2401
38.1767
18.3413
118.684
10.0256
74.6493
58.9253
51.2691
23.5328
110.756
73.232
44.8036
103.842
40.356
91.0405
75.947
59.9425
82.9204
36.2417
66.6015
44.3376
125.053
20.4028
106.996
62.6417
102.731
91.1697
31.9367
89.9387
49.3506
2.76632
50.7976
92.7902
94.3725
78.3026
28.9656
54.4285
145.474
63.6099
51.2439
79.2204
78.5618
102.961
76.5893
77.7029
75.3512
69.0267
60.7556
46.7046
79.8963
77.3013
17.7675
64.7813
75.8024
15.3774
77.9223
26.2044
34.9761
15.4412
67.3714
68.2932
99.1984
77.164
75.513
87.4217
69.5201
32.8314
42.3404
77.7077
84.0766
48.0216
41.7643
85.8292
75.3794
88.4574
76.2128
81.3656
82.8212
6.38848
41.0025
2.99995
7.54694
29.7719
66.2056
81.9004
16.7271
53.7739
57.672
55.1089
14.696
89.4813
19.913
10.8049
23.1323
63.8155
55.6037
34.5208
12.235
90.4643
51.1057
76.2463
78.895
58.1331
24.5209
75.9871
36.0561
60.797
63.5625
47.4092
76.2713
27.3597
56.6761
78.303
65.0446
43.1258
46.0933
44.6751
91.5586
62.5841
88.3057
12.5027
122.431
34.3326
54.7215
58.869
104.305
80.9731
75.4876
21.5316
4.49857
24.0655
108.795
66.0293
57.1028
87.3849
72.4517
44.6443
53.6978
146.655
97.2144
13.9222
54.7649
15.4942
71.8983
49.5979
0.689534
3.36677
40.7459
71.2723
105.663
94.1785
125.563
82.0341
12.6824
53.3333
69.1013
42.1644
7.49902
110.415
41.4319
48.0517
42.0436
101.636
75.6799
48.2503
54.9944
8.5158
40.8516
0.4365
73.9621
45.599
135.544
MET does not have solution even after MET smearing.
The solution is returned as if Delta was zero ...
54.4105
52.9101
15.8302
1.0961
99.4666
62.8292
6.37249
64.7613
46.4889
99.6565
52.2087
69.1485
97.8644
97.6849
55.8253
38.0303
50.2819
19.9945
13.8138
30.7877
8.33656
77.8433
75.7976
104.389
71.3906
104.293
45.0787
45.9682
117.865
57.9548
100.704
64.2572
74.7019
77.0554
13.9911
7.00812
73.3189
57.046
58.4081
88.2942
8.86694
6.36083
82.5366
37.6318
54.155
58.2975
99.4875
74.9417
59.8757
60.279
18.5337
44.2091
31.6745
70.0966
24.7447
107.838
78.6802
18.846
85.1771
113.678
19.5805
99.0253
57.6281
84.1578
96.6686
68.0888
21.8818
58.0442
90.9078
24.5316
27.484
70.6099
56.4308
14.4359
82.5462
14.821
69.8951
137.245
64.0544
120.371
75.7817
44.0268
65.3249
67.4041
100.699
46.9167
36.2505
62.3887
2.09861
88.845
91.5523
54.2929
68.2415
50.6287
58.6176
77.8471
54.3188
42.8862
86.6028
0.246498
12.4543
42.6889
104.437
4.97639
73.2795
6.16749
49.4996
87.3504
60.6316
32.7603
61.2493
71.7279
74.3214
62.5819
91.8235
65.1377
41.8255
80.8669
71.516
101.147
101.301
22.9239
90.9903
5.53275
101.289
10.9772
9.60787
63.3726
4.02016
48.1489
37.8996
117.188
5.52163
73.9869
44.7197
45.5966
62.9806
77.9745
6.9486
88.4538
74.6014
66.5679
67.8933
77.7444
33.3336
32.9252
40.5578
74.4759
61.2959
32.7213
65.9429
118.288
30.0316
41.3898
64.5689
66.8877
23.9942
21.6501
73.8474
73.1284
88.4671
88.6104
44.3486
17.1574
41.6576
12.8329
76.2504
39.7839
14.5759
26.7103
78.9034
66.9156
78.8147
87.9638
27.8222
40.762
10.4936
62.8537
74.4629
73.9958
64.595
27.5269
56.8849
57.8422
61.9422
86.0236
41.5588
85.1818
74.3071
62.6469
42.0135
111.625
21.4584
24.6517
66.3463
22.0273
72.4089
104.412
103.056
68.7268
36.53
71.4856
21.1797
78.8106
61.7748
41.1825
64.02
69.8845
83.115
82.5717
71.8465
28.3946
90.5488
70.7236
64.9855
92.6718
88.6034
63.5107
43.9239
51.0356
60.0526
66.5117
50.7384
80.7273
83.2514
85.8934
82.44
84.1634
42.1844
4.11231
73.5371
28.8938
80.0114
124.562
74.9015
55.2895
60.2398
87.2267
87.7851
76.2598
34.9024
28.5792
1.77182
5.83023
106.165
82.2516
41.5703
53.0145
67.0594
32.4869
80.7785
61.3561
18.9905
78.6513
24.0518
14.9025
16.5748
39.4982
75.0489
75.0601
31.8786
45.8251
87.1601
85.3244
38.5678
71.2947
14.3311
58.7688
107.963
24.4674
98.4732
32.2238
106.683
121.631
92.6063
77.5691
85.19
102.955
18.916
51.6675
79.3097
11.6892
71.2539
111.971
37.0949
78.1128
7.77488
14.153
11.2352
72.7422
114.919
99.5635
35.4278
46.1347
86.774
55.7846
72.8919
83.3217
16.3881
19.3849
89.1786
54.7307
27.4341
18.688
64.7103
48.0437
31.5018
40.9034
74.5021
0.0028654
48.2594
81.2941
117.673
14.5183
57.3419
19.0665
51.4149
41.9441
68.8661
62.9906
70.5781
53.2845
73.9479
46.7602
36.9102
76.6303
59.5852
52.0747
49.6402
58.2721
25.3149
96.9429
117.582
68.9144
58.1926
29.9561
60.8812
69.4837
59.7484
56.1589
74.7917
56.1729
57.167
17.4965
100.256
30.2698
96.7994
82.906
81.054
52.2658
27.9015
102.556
58.7589
80.2364
44.3931
35.002
77.4065
71.4874
69.6423
74.84
21.4535
83.7836
7.32694
54.3051
4.9077
87.8235
93.3041
98.4449
16.7215
66.4584
86.834
79.5898
84.0671
56.5501
90.7918
61.5565
40.0878
36.5881
100.693
67.914
54.7267
69.1506
26.1507
4.71088
70.0811
71.1471
56.4914
91.0329
17.2961
43.3816
63.6715
79.3203
56.1942
79.461
64.4422
96.1056
59.4183
56.9246
13.3523
29.3869
52.4936
51.2563
67.9874
35.1223
60.4867
63.1982
41.3608
27.4356
85.6991
113.197
99.5809
4.28953
38.7196
54.6065
34.0241
37.9621
79.1358
91.629
46.817
54.4352
81.5563
41.6425
69.2871
78.8462
75.1156
46.3052
76.1503
56.5102
78.3606
43.8448
69.0842
78.4183
31.7074
72.3599
38.0164
143.114
188.618
MET does not have solution even after MET smearing.
The solution is returned as if Delta was zero ...
51.3857
80.0738
49.6988
88.0863
71.9934
42.8512
49.1127
49.6423
26.7564
79.7356
103.924
461.178
MET does not have solution even after MET smearing.
The solution is returned as if Delta was zero ...
39.7432
90.9879
102.794
56.4331
76.3294
79.8465
117.078
77.3916
17.0757
82.6527
77.2553
20.275
74.4613
74.3617
43.8572
77.6604
69.7727
72.7822
35.6051
82.8291
25.5807
114.526
63.89
70.1602
61.2587
82.3513
44.327
85.1097
73.542
10.7427
10.9349
73.3485
91.0804
82.8437
43.5526
59.9389
55.0362
79.2796
21.225
60.3871
21.3081
26.4675
62.6185
48.5419
69.3857
10.2251
50.316
46.8541
72.2596
84.8508
1.3484
92.7167
55.507
19.3064
60.4411
54.2183
72.7143
32.7922
73.3334
93.1685
73.4459
65.8734
46.5421
69.8656
87.456
70.3742
90.1178
45.9031
61.4851
86.4056
10.7216
82.1504
84.0637
71.731
58.6258
70.2504
96.3687
4.19391
40.2101
59.7867
3.4316
33.3755
37.9146
38.735
1.51045
55.3869
11.4884
97.4901
5.88977
68.4999
30.2608
77.5297
51.1424
21.6604
78.1348
136.451
MET does not have solution even after MET smearing.
The solution is returned as if Delta was zero ...
22.4803
49.3598
20.4333
84.4074
45.2577
22.1198
74.7873
62.6623
47.1938
48.2851
68.1518
61.236
40.671
44.824
92.7903
70.9518
88.8627
73.5488
80.0351
107.304
70.9161
169.841
MET does not have solution even after MET smearing.
The solution is returned as if Delta was zero ...
30.4325
60.6417
12.9415
67.0819
20.2844
75.7995
22.1032
47.6084
67.6722
109.483
78.9901
35.2273
95.0789
12.7916
50.64
58.1588
64.3235
96.621
49.6247
70.7895
10.1923
66.682
12.9513
97.6231
83.3002
78.5761
100.383
78.0712
57.5881
15.3154
72.0843
75.2705
84.4159
91.036
9.59944
87.6972
59.5577
94.2866
3.20937
136.455
59.4799
71.7177
80.8926
69.2673
89.2165
70.0492
57.9354
0.849162
67.4204
100.428
88.2056
77.1627
61.0394
73.0649
72.7162
58.6299
4.73624
32.9046
30.9019
62.8232
8.40009
77.2105
76.4037
78.2679
20.7443
75.338
5.95084
43.0008
120.459
79.9631
68.8006
90.8367
89.1534
10.1202
93.9837
48.3708
52.4013
68.9586
36.6784
74.5677
46.816
40.3099
55.7915
90.172
71.4816
85.1001
29.0454
65.5761
87.6076
83.5282
84.296
55.7592
59.6303
124.257
81.8729
5.03737
19.692
108.207
23.8081
0.792313
68.4463
61.5196
30.3503
136.956
23.3213
84.1114
8.74096
33.6161
60.7899
71.6293
24.5246
87.0264
82.6803
75.7882
83.0121
10.092
7.49992
74.9474
57.7283
47.9547
69.7734
27.3594
0.95771
48.2421
56.8703
4.59019
79.4233
67.8448
40.2569
58.724
71.7061
89.6216
82.6862
28.1253
41.6295
112.55
92.5071
22.1602
15.5012
5.16086
65.581
85.4094
84.7074
13.531
125.891
62.212
56.2594
91.5024
35.8348
74.2227
135.8
69.3408
107.732
32.016
89.2807
71.7291
20.6603
66.0872
90.7617
67.0699
79.1895
32.5702
91.4455
78.0641
58.8576
40.3751
41.8424
58.2158
19.6295
29.8724
97.5107
124.624
68.95
25.2045
23.3727
44.3908
73.3147
85.1981
91.1259
41.3348
53.8546
55.8818
33.221
25.7346
0.631767
74.173
76.1953
69.9704
55.7267
86.9244
64.2964
45.3448
54.9217
31.1553
28.933
11.7964
42.4918
50.8703
11.6646
92.9286
54.5123
80.1961
33.5292
51.6527
111.883
52.6358
59.3514
69.7474
57.5387
58.9142
40.7381
38.9254
78.3685
61.8305
45.1726
91.09
55.0662
52.0489
88.3209
16.5034
31.1574
37.4349
100.81
30.5531
107.169
8.50792
52.4575
69.7639
119.504
82.3455
36.4047
86.8957
90.3359
49.7397
63.0941
71.4844
82.2988
58.8964
75.3848
34.382
4.59934
90.1005
54.409
107.155
85.0502
38.199
80.2889
81.94
128.14
20.2616
64.666
122.296
91.2483
117.64
60.8809
49.4785
58.1869
19.4317
81.4554
63.0292
66.687
30.9345
9.38263
105.836
23.2932
64.9078
76.4476
45.3329
33.2724
60.8496
28.2602
17.8945
70.7229
7.66265
73.8984
44.8782
45.8406
58.442
53.0611
76.3479
43.612
37.6821
98.113
86.6959
78.7047
19.0575
163.96
MET does not have solution even after MET smearing.
The solution is returned as if Delta was zero ...
6.1788
56.3082
27.328
27.9538
71.3143
96.5645
44.2841
41.9158
47.7187
46.4046
99.7939
6.60171
56.7168
84.5529
73.7251
77.3979
43.8282
56.5989
43.9737
26.6172
98.3619
66.7749
4.6188
40.4916
63.0132
27.2744
52.659
61.7603
68.2117
79.2837
31.9317
96.9594
91.7055
59.2874
104.571
39.6859
39.2364
30.1748
127.303
MET does not have solution even after MET smearing.
The solution is returned as if Delta was zero ...
77.5127
45.2637
59.9299
63.6465
83.7587
7.33378
55.1332
57.8207
73.3601
65.0536
122.068
28.4331
12.6885
118.215
81.6295
24.7788
46.971
52.6018
97.5078
49.9258
73.1784
59.1746
88.1954
7.67043
27.7206
32.8464
14.9584
17.3227
70.6542
74.114
46.1512
6.1155
56.1098
81.3879
65.2242
89.8007
109.148
83.6661
55.1522
0.911144
0.146607
42.099
36.6477
52.069
72.6822
82.178
73.8006
99.2392
68.9202
88.9546
59.9257
72.7795
77.9749
62.2649
117.004
49.4292
33.2664
67.2726
64.1174
45.3783
63.8006
85.1501
40.0236
51.7735
73.9908
53.29
73.5961
70.6444
13.1614
36.0826
60.5144
127.199
127.256
17.0266
66.1238
127.709
8.0557
117.574
9.29476
108.498
40.8806
43.2726
27.4525
62.8252
48.1076
47.9855
11.3141
62.8297
59.8477
4.29329
17.994
21.9306
19.376
94.0255
37.975
10.3351
193.567
MET does not have solution even after MET smearing.
The solution is returned as if Delta was zero ...
74.1459
42.1306
77.9128
9.05065
320.916
MET does not have solution even after MET smearing.
The solution is returned as if Delta was zero ...
37.1268
137.27
73.5953
64.9079
78.4501
99.4721
4.12714
69.5634
122.164
18.5167
117.836
53.0947
14.8955
6.25983
29.9419
27.7843
32.5295
36.3295
64.1193
88.5281
90.1484
83.0215
88.4008
49.1239
60.6148
175.54
48.1641
151.326
14.2923
31.5443
22.426
33.2968
29.8978
42.4299
46.6967
67.0932
40.4452
91.6232
81.9467
69.3713
113.089
11.6401
12.8789
20.2443
51.2129
136.148
45.5183
60.3105
103.164
85.1831
73.3119
33.5179
88.5384
41.6663
78.2819
82.9923
194.039
MET does not have solution even after MET smearing.
The solution is returned as if Delta was zero ...
7.16532
8.82083
63.6095
32.6406
5.21758
193.925
MET does not have solution even after MET smearing.
The solution is returned as if Delta was zero ...
74.1857
58.4575
181.748
17.2595
124.442
70.2845
13.4811
59.9187
118.278
14.3905
81.9758
84.8497
80.503
99.3105
50.5358
23.5829
10.9706
82.5965
65.3186
105.617
101.009
62.9513
1.12571
55.9494
42.02
38.5656
74.244
42.0745
104.1
50.2686
43.8465
14.1388
57.7594
55.183
13.7441
118.566
62.5107
60.4217
33.1463
58.4245
20.2707
7.16031
39.4318
58.6659
92.7813
100.732
5.10921
81.1564
71.1289
148.836
MET does not have solution even after MET smearing.
The solution is returned as if Delta was zero ...
70.1295
36.0502
65.043
36.4822
27.8895
39.4924
60.1476
77.727
68.7472
1.66567
5.34218
4.74933
72.9777
60.3577
58.6403
70.217
85.2396
65.4635
85.31
105.081
1.7727
58.3868
31.286
78.8079
67.7482
69.7274
52.4298
44.1864
36.1966
67.421
78.864
47.6462
7.60391
82.5939
50.2181
70.5278
86.4108
86.4585
29.0597
3.03109
74.4024
58.6805
59.5711
89.423
39.9105
49.8357
96.6696
31.502
67.6771
100.636
73.9072
130.703
112.885
6.24359
21.4896
71.4821
35.8169
29.4887
32.6623
24.025
75.143
79.7218
11.4906
49.6247
74.8389
28.116
44.3272
65.4438
5.12805
111.409
52.2462
44.7971
37.7476
85.1367
94.2345
83.8692
92.0488
90.6985
75.3219
16.423
87.977
91.3495
63.2033
84.0413
98.0299
42.5968
77.3426
88.14
49.6521
51.5094
70.6394
48.9516
81.9113
109.278
61.3433
24.341
6.54888
151.562
21.7902
95.5917
25.99
8.40143
68.2502
64.3487
65.4326
55.007
43.3364
88.8377
101.713
40.5943
42.3934
55.2311
82.8017
68.8549
57.6567
78.5476
72.7724
7.83302
25.0939
86.8823
107.772
37.5649
45.5584
64.2376
27.9398
67.8388
83.3141
18.4205
68.5799
94.9375
140.843
138.671
46.4464
29.0626
43.6185
73.2895
70.4934
20.5632
61.5147
81.5139
31.3331
77.9082
79.5362
132.761
73.7186
30.0676
50.3694
98.7436
50.8239
23.611
41.0552
34.838
25.7139
11.5412
82.8367
95.9911
53.3524
75.5928
33.6269
63.6702
73.4844
34.3125
62.4805
77.054
72.125
62.9156
92.2558
82.6282
14.6184
117.305
92.0139
78.022
84.7778
46.3357
31.166
77.0497
87.389
93.9363
6.69145
81.2364
9.82091
5.7121
2.69462
60.3116
57.7741
79.5898
83.7052
17.5127
61.5378
23.9888
70.1657
86.632
9.86161
66.6531
62.9776
65.4341
22.7706
8.66671
82.3971
48.5802
16.1186
82.9148
81.2475
18.1128
9.11708
74.8346
63.7943
50.7581
49.8443
57.0075
50.2763
71.9374
69.4291
81.5795
102.035
96.6135
15.2533
114.745
65.9323
30.2718
36.7934
53.107
92.3754
96.7306
79.9932
77.7928
75.674
61.3646
63.9423
96.5519
87.3745
65.0263
84.0824
73.4849
34.0021
62.3212
54.2371
121.072
47.3074
107.367
82.824
80.6867
75.4494
65.8641
26.8208
71.2935
105
26.9423
69.6646
60.5946
76.8578
68.3335
65.4182
101.35
33.2964
94.0228
85.0423
85.1263
97.1929
68.7702
108.394
77.5588
103.36
86.1137
78.8155
18.4542
60.1264
79.7752
48.4066
75.4402
74.9821
57.2319
97.8815
48.7132
41.2898
73.8231
67.8397
99.3197
55.847
37.4334
44.7849
67.3167
53.7649
45.4244
85.091
20.7906
16.8953
78.4891
48.1342
4.11411
104.618
82.2408
45.0579
77.0284
71.299
32.6273
58.5148
89.4586
66.8857
54.4538
40.4479
40.8462
78.2036
12.2322
37.54
79.6268
48.4799
46.338
94.2336
117.387
70.6892
68.5439
97.6772
3.15719
20.1716
36.2581
57.3419
44.5424
54.6348
79.3743
49.961
27.8585
98.6239
85.9396
89.9149
79.8296
93.5665
66.2911
147.004
MET does not have solution even after MET smearing.
The solution is returned as if Delta was zero ...
87.3475
48.2492
18.5796
114.55
26.6321
16.8874
17.5455
66.2456
65.5887
34.2513
86.1268
6.98458
94.9329
5.65008
125.411
1.27231
79.3312
74.228
59.1073
22.2673
86.5629
19.2856
161.517
31.5858
69.5147
121.59
82.0967
17.8336
108.863
83.4372
45.0092
97.7495
99.0936
3.89977
49.8628
48.067
32.8406
24.8605
96.5386
58.6773
74.8219
74.4874
79.4876
22.5981
76.1733
59.5623
86.7336
82.2085
97.4345
83.0827
59.9755
8.65553
111.403
78.5143
48.7713
47.305
78.7094
72.7512
77.2556
75.1348
45.5973
56.6382
21.4401
9.86242
13.1499
104.22
17.1917
81.4005
77.4202
44.1838
46.6805
88.1762
16.8345
48.1847
49.2819
17.5979
5.10088
86.4047
158.08
116.305
109.877
70.8151
59.3378
37.714
73.1579
112.744
69.993
20.4774
98.2564
47.3973
63.0384
59.9064
86.3691
101.913
77.0483
55.5661
74.7276
79.8255
37.9975
78.2987
36.5899
63.2139
15.1749
38.6575
21.8582
4.64844
42.5883
5.2314
93.0313
11.7543
73.5464
58.707
77.5134
110.339
73.8925
79.3818
27.6343
89.5528
51.0167
99.3298
75.8988
94.2668
36.6304
20.2076
33.7033
76.5378
67.4733
45.1959
66.8363
88.2505
84.9514
142.344
68.3623
74.0501
76.9704
5.85849
4.51771
14.6259
31.8251
57.367
85.7436
93.9048
67.4928
95.8497
28.9459
72.5292
59.0442
93.5209
107.022
55.7981
130.338
19.318
51.2421
89.0556
50.6708
88.4653
81.2806
22.6738
28.5649
57.6189
40.4194
41.0843
104.941
55.9442
78.1237
7.21846
123.648
63.8004
68.6338
104.985
77.3875
53.8139
49.3657
94.4286
19.8818
106.745
9.26009
77.6957
28.6253
124.672
MET does not have solution even after MET smearing.
The solution is returned as if Delta was zero ...
70.9128
74.3527
77.7533
47.0817
16.994
58.9418
44.5219
67.471
106.886
47.6565
26.5179
89.5324
37.5294
57.5405
29.2658
72.8622
16.9206
70.5325
29.3815
59.2802
81.7316
1.00823
63.4232
5.38972
69.6856
109.038
15.4258
22.2353
80.6807
79.572
62.9875
99.0429
76.05
69.9376
66.5182
73.4979
25.006
68.5826
75.2371
99.6736
27.2885
73.5121
147.055
MET does not have solution even after MET smearing.
The solution is returned as if Delta was zero ...
31.6649
76.9167
53.9725
40.577
73.2019
41.1001
8.30531
90.6385
55.2437
2.01235
51.5055
71.8372
36.1916
11.8709
68.8531
84.5481
52.8609
55.0489
58.4815
81.1509
89.9711
39.3039
82.819
36.2141
66.8805
38.5767
61.0791
11.5102
107.906
68.3179
83.1874
47.3099
42.8729
19.9928
34.5788
60.7109
103.235
33.2631
73.9758
100.598
105.339
88.2953
51.2402
2.85579
107.55
56.7064
74.0923
63.6278
25.1494
142.704
MET does not have solution even after MET smearing.
The solution is returned as if Delta was zero ...
61.4682
66.8279
44.8444
56.3749
54.2786
20.6297
71.0231
69.3584
41.9714
63.087
26.899
91.4696
52.407
79.2459
7.052
49.1085
26.4516
105.017
15.3493
56.0565
68.3811
3.23347
62.1403
11.1787
6.05472
6.13093
5.47281
83.9382
76.4255
27.0964
12.2492
112.613
34.7833
97.893
82.2438
77.4641
before closing file input /home/nadjieh/work/samples/postMoriond/May2013/WZ.root
before endjob
